85ab,1683032403361184,0.48784253,3.3177028,0.17679699,48,859
85ab,1683032403362198,0.47293991,3.3246017,0.18544084,49,869
85ab,1683032403951484,0.48166415,3.3230932,0.19649498,48,879
85ab,1683032404951492,0.48921365,3.3272793,0.19851929,48,889
85ab,1683032405951514,0.4243969,3.3324146,0.19085534,52,899
85ab,1683032406951973,0.44378319,3.3234148,0.17587849,49,909
85ab,1683032407951525,0.44242308,3.3202233,0.18252753,49,919
85ab,1683032408951616,0.4375236,3.3248577,0.1879115,49,929
85ab,1683032409951539,0.36539993,3.3327355,0.18556166,53,939
85ab,1683032410951528,0.40573496,3.3342235,0.17834729,48,949
85ab,1683032411951499,0.41039163,3.3170319,0.17744257,49,959
85ab,1683032412952002,0.35826606,3.326247,0.17673542,52,969
85ab,1683032413951557,0.38564634,3.3297796,0.1933354,49,979
85ab,1683032414951776,0.40510774,3.323174,0.18559454,49,989
85ab,1683032415951504,0.41053191,3.3234825,0.1745342,50,999
85ab,1683032416951967,0.42305204,3.3152239,0.16978237,49,1009
85ab,1683032417951587,0.43710491,3.3148732,0.17435721,49,1019
85ab,1683032418952095,0.44100636,3.3135893,0.17284961,49,1029
85ab,1683032419951578,0.46356335,3.3168225,0.17253491,48,1039
85ab,1683032420951608,0.44923526,3.316679,0.17763856,50,1049
85ab,1683032421951623,0.446776,3.3213511,0.18015306,49,1059
85ab,1683032422951602,0.4670648,3.321975,0.1823584,48,1069
85ab,1683032423952130,0.46850163,3.3088391,0.18225178,48,1079
85ab,1683032424951632,0.45382971,3.3177469,0.18390545,50,1089
85ab,1683032425951614,0.4500435,3.317488,0.1867393,49,1099
85ab,1683032426951628,0.45734853,3.3190091,0.18965565,49,1109
85ab,1683032427951609,0.46407762,3.310498,0.18519692,48,1119
85ab,1683032428951624,0.46195659,3.3118951,0.18098935,49,1129
85ab,1683032429952183,0.46431288,3.3147337,0.18340312,49,1139
85ab,1683032430951631,0.47260821,3.3147357,0.1902986,48,1149
85ab,1683032431951626,0.47302145,3.3135633,0.18525368,49,1159
85ab,1683032432951650,0.39767462,3.3227286,0.1817728,53,1169
85ab,1683032433951649,0.42941922,3.3199055,0.18534829,48,1179
85ab,1683032434952133,0.46206194,3.3144758,0.18026976,48,1189
85ab,1683032435951686,0.47441277,3.3192959,0.18815519,48,1199
85ab,1683032436951649,0.47115138,3.324105,0.18581074,49,1209
85ab,1683032437951701,0.47192883,3.3254733,0.18703718,49,1219
85ab,1683032438951713,0.48315203,3.3194327,0.18475704,48,1229
85ab,1683032439952135,0.48879436,3.3125293,0.18373115,48,1239
85ab,1683032440951706,0.49084133,3.318197,0.17714229,49,1249
85ab,1683032441951779,0.49887839,3.3219268,0.17902322,48,1259
85ab,1683032442951692,0.50130671,3.315985,0.1794491,48,1269
85ab,1683032443951714,0.51424819,3.3153226,0.17113635,48,1279
85ab,1683032444951719,0.49851319,3.3143678,0.18454163,49,1289
85ab,1683032445952371,0.4984484,3.3109791,0.18067288,48,1299
85ab,1683032446951604,0.4925963,3.3186796,0.17958777,49,1309
85ab,1683032447951728,0.48136839,3.3203936,0.17743574,49,1319
85ab,1683032448951657,0.47887173,3.3251591,0.18505144,49,1329
85ab,1683032449951693,0.45988533,3.3166397,0.18140008,50,1339
85ab,1683032450952240,0.48552507,3.3202403,0.18774167,47,1349
85ab,1683032451951665,0.4939692,3.3188334,0.19054824,48,1359
85ab,1683032452951675,0.48051363,3.31951,0.17939118,49,1369
85ab,1683032453951711,0.41373193,3.3318179,0.16672097,53,1379
85ab,1683032454951759,0.37510654,3.3384354,0.17320801,52,1389
85ab,1683032455952222,0.312981,3.3414011,0.17998061,53,1399
85ab,1683032456951771,0.27569368,3.3426788,0.17347291,53,1409
85ab,1683032457951756,0.32927251,3.3419881,0.18427205,48,1419
85ab,1683032458951773,0.36033151,3.3264277,0.19114713,49,1429
85ab,1683032459951770,0.38443759,3.3308702,0.18264221,49,1439
85ab,1683032460951766,0.40097144,3.3351781,0.18404102,49,9
85ab,1683032461952214,0.39847755,3.3308823,0.17633274,50,19
85ab,1683032462951786,0.42289868,3.3297188,0.17603707,49,29
85ab,1683032463951771,0.43665761,3.3335085,0.17527322,49,39
85ab,1683032464951788,0.36476246,3.33846,0.17698266,53,49
85ab,1683032465951832,0.37195641,3.3374736,0.17711279,50,59
85ab,1683032466952256,0.40920287,3.3386662,0.17624012,48,69
85ab,1683032467951812,0.43888497,3.3341479,0.17856333,48,79
85ab,1683032468951818,0.44072857,3.3267326,0.18474269,49,89
85ab,1683032469951808,0.44651416,3.3264914,0.181629,49,99
85ab,1683032470951826,0.47159994,3.3274713,0.18392988,48,109
85ab,1683032471951780,0.48568276,3.3281896,0.18691459,48,119
85ab,1683032472952297,0.50992793,3.3326883,0.18441363,47,129
85ab,1683032473951903,0.49085498,3.3269386,0.18178488,49,139
85ab,1683032474952561,0.49806583,3.3294315,0.18859197,48,149
85ab,1683032475951801,0.50131685,3.3340371,0.17928676,49,159
85ab,1683032476951855,0.49920905,3.3224347,0.17319773,48,169
85ab,1683032477952397,0.41315162,3.3293228,0.17278309,53,179
85ab,1683032478951874,0.37783405,3.3271973,0.1780716,52,189
85ab,1683032479951871,0.31017515,3.3336208,0.18109408,54,199
85ab,1683032480951897,0.35289112,3.3289521,0.19173396,48,209
85ab,1683032481951836,0.38684425,3.332972,0.18728758,49,219
85ab,1683032482951882,0.40817028,3.3246064,0.17513159,49,229
85ab,1683032483952448,0.41390559,3.3240707,0.17644347,49,239
85ab,1683032484951908,0.43705416,3.3288023,0.18421338,48,249
85ab,1683032485951911,0.45110977,3.3249419,0.1802123,49,259
85ab,1683032486951940,0.46309492,3.325222,0.1772543,49,269
85ab,1683032487951898,0.48764977,3.3271313,0.17309842,48,279
85ab,1683032488951923,0.47873527,3.3302891,0.18671533,49,289
85ab,1683032489952472,0.47915798,3.3282983,0.1790925,49,299
85ab,1683032490951928,0.4841311,3.3252919,0.17384665,49,309
85ab,1683032491952845,0.48041332,3.318074,0.16589019,49,319
85ab,1683032492951984,0.45852694,3.3142571,0.16725712,50,329
85ab,1683032493951934,0.46275586,3.3226681,0.16773345,49,339
85ab,1683032494952410,0.47472543,3.3249843,0.16285947,49,349
85ab,1683032495951974,0.48276946,3.3285828,0.16963159,48,359
85ab,1683032496951910,0.48779047,3.3112333,0.16556837,48,369
85ab,1683032497951960,0.48234251,3.3109629,0.16828962,49,379
85ab,1683032498952002,0.49250427,3.3083394,0.16381986,48,389
85ab,1683032499951956,0.486325,3.310699,0.1775752,49,399
85ab,1683032500952482,0.49167717,3.3144152,0.17021471,49,409
85ab,1683032501952020,0.49796328,3.3119559,0.17299664,48,419
85ab,1683032502951977,0.49947649,3.3131614,0.17290971,48,429
85ab,1683032503951981,0.507009,3.3128591,0.18237241,48,439
85ab,1683032504952014,0.50204062,3.31074,0.18316723,48,449
85ab,1683032505952033,0.49840909,3.3090374,0.18024828,48,459
85ab,1683032506952521,0.51596844,3.3159826,0.18170545,48,469
85ab,1683032507952038,0.49664757,3.3129096,0.18165772,49,479
85ab,1683032508951996,0.479846,3.310163,0.19297202,49,489
85ab,1683032509952017,0.46216559,3.3100128,0.1895356,50,499
85ab,1683032510952043,0.46644008,3.3077033,0.18574484,49,509
85ab,1683032511952030,0.45355022,3.3080769,0.18069412,50,519
85ab,1683032512952495,0.44092789,3.3110807,0.18987456,49,529
85ab,1683032513952066,0.47552338,3.3142977,0.185799,47,539
85ab,1683032514952028,0.46598423,3.3088574,0.19541472,49,549
85ab,1683032515952041,0.47333249,3.3093417,0.19309078,48,559
85ab,1683032516952066,0.45863369,3.3126681,0.1931476,49,569
85ab,1683032517952508,0.36610627,3.3238873,0.17847455,54,579
85ab,1683032518952043,0.39862022,3.3293414,0.18281153,49,589
85ab,1683032519952082,0.42549163,3.3124356,0.17112485,48,599
85ab,1683032520952052,0.44492686,3.309664,0.1742516,48,609
85ab,1683032521952052,0.45467034,3.3052459,0.17886995,48,619
85ab,1683032522952586,0.44472292,3.3111169,0.18067844,50,629
85ab,1683032523952051,0.44456246,3.3190076,0.19133358,49,639
85ab,1683032524952090,0.43650869,3.319752,0.18650606,50,649
85ab,1683032525952098,0.44397518,3.3188741,0.18219323,49,659
85ab,1683032526952089,0.45333067,3.3104484,0.18129617,48,669
85ab,1683032527952591,0.4751696,3.3131905,0.18800364,48,679
85ab,1683032528952114,0.39161086,3.3223844,0.1857077,53,689
85ab,1683032529952067,0.413524,3.3145275,0.1803136,49,699
85ab,1683032530952106,0.44339424,3.3179381,0.16500738,48,709
85ab,1683032531952081,0.45917064,3.3062296,0.15681954,48,719
85ab,1683032532952586,0.46025094,3.3112164,0.16420308,49,729
85ab,1683032533952166,0.46946996,3.3073328,0.1742658,48,739
85ab,1683032534952369,0.48408529,3.3106477,0.17708258,48,749
85ab,1683032535952071,0.47597533,3.3074992,0.18202125,49,759
85ab,1683032536952140,0.4701592,3.3137531,0.18460459,49,769
85ab,1683032537952726,0.47728136,3.3209879,0.1883729,48,779
85ab,1683032538952150,0.40428236,3.3291547,0.18494503,53,789
85ab,1683032539952150,0.42993715,3.3227456,0.17676514,48,799
85ab,1683032540952176,0.38194039,3.330617,0.17451996,52,809
85ab,1683032541952135,0.4123604,3.3280776,0.17842829,48,819
85ab,1683032542952173,0.43533826,3.3227313,0.19658886,48,829
85ab,1683032543952714,0.44857845,3.3243399,0.1901447,49,839
85ab,1683032544952194,0.46862623,3.2420502,0.10498827,67,849
85ab,1683032545952166,0.47799614,3.2649574,0.13156134,48,859
85ab,1683032546952234,0.4831591,3.2827716,0.14686333,48,869
85ab,1683032547952196,0.47671378,3.2905657,0.1602339,49,879
85ab,1683032548952334,0.473052,3.2958386,0.1765866,49,889
85ab,1683032549952756,0.44540578,3.30535,0.166941,51,899
85ab,1683032550952222,0.46192065,3.3100207,0.1755663,48,909
85ab,1683032551952186,0.47234559,3.3174944,0.184392,48,919
85ab,1683032552952244,0.48428524,3.3000762,0.16405906,48,929
85ab,1683032553952208,0.38927773,3.317821,0.16345519,54,939
85ab,1683032554952720,0.34562007,3.3264339,0.17952321,52,949
85ab,1683032555952262,0.30183834,3.3364542,0.18354726,53,959
85ab,1683032556952232,0.34278664,3.3332376,0.18873443,49,969
85ab,1683032557952248,0.38453746,3.3371651,0.18993193,48,979
85ab,1683032558952289,0.3277683,3.3427186,0.18438683,53,989
85ab,1683032559952725,0.37255159,3.3410723,0.18491499,48,999
85ab,1683032560952255,0.39932433,3.3398392,0.18820839,49,1009
85ab,1683032561952289,0.42046845,3.3392267,0.20142913,48,1019
85ab,1683032562952248,0.3583512,3.3411226,0.19128999,53,1029
85ab,1683032563952266,0.38867402,3.3390667,0.19212694,49,1039
85ab,1683032564952836,0.40882054,3.3406298,0.19244426,49,1049
85ab,1683032565952276,0.33151817,3.3419163,0.18493664,54,1059
85ab,1683032566952295,0.3656742,3.3349628,0.18901438,49,1069
85ab,1683032567952324,0.38266468,3.3318996,0.1886649,49,1079
85ab,1683032568952285,0.40457338,3.3243771,0.19372414,48,1089
85ab,1683032569952328,0.42503139,3.3204172,0.19960102,48,1099
85ab,1683032570952954,0.43849698,3.3156216,0.1968106,48,1109
85ab,1683032571952286,0.41448158,3.2973578,0.18697427,50,1119
85ab,1683032572952315,0.42162853,3.296052,0.1928599,49,1129
85ab,1683032573952357,0.44108695,3.305083,0.18494712,49,1139
85ab,1683032574952328,0.44687992,3.3117809,0.17998727,49,1149
85ab,1683032575952319,0.44761777,3.3186226,0.1865159,49,1159
85ab,1683032576952892,0.45293283,3.3205302,0.18658921,49,1169
85ab,1683032577952346,0.38457614,3.3326223,0.17913178,53,1179
85ab,1683032578952337,0.41735137,3.328382,0.19287342,48,1189
85ab,1683032579952380,0.42601147,3.3312271,0.20154658,49,1199
85ab,1683032580952338,0.43277928,3.330637,0.19486938,49,1209
85ab,1683032581952326,0.4424299,3.3320329,0.19726206,49,1219
85ab,1683032582952964,0.43942651,3.3298485,0.2000934,49,1229
85ab,1683032583952347,0.43428597,3.3324871,0.18778744,50,1239
85ab,1683032584952343,0.37828934,3.33859,0.18184145,52,1249
85ab,1683032585952444,0.40631548,3.3274209,0.17500377,48,1259
85ab,1683032586952374,0.40884188,3.3224502,0.18415314,49,1269
85ab,1683032587952380,0.4340789,3.31767,0.17448804,48,1279
85ab,1683032588953113,0.45620364,3.319195,0.17797099,48,1289
85ab,1683032589952395,0.38283083,3.3293445,0.17891617,53,1299
85ab,1683032590952395,0.41962326,3.3265123,0.1850685,48,1309
85ab,1683032591952507,0.44629356,3.319839,0.17123622,48,1319
85ab,1683032592952836,0.4611505,3.3177264,0.1787387,48,1329
85ab,1683032593952416,0.46183062,3.3213627,0.17884304,49,1339
85ab,1683032594953154,0.46484452,3.3161964,0.17760788,49,1349
85ab,1683032595952349,0.47463742,3.32122,0.1815272,48,1359
85ab,1683032596952426,0.48126143,3.3136113,0.17416693,48,1369
85ab,1683032597952416,0.47710964,3.3090613,0.15905246,49,1379
85ab,1683032598952457,0.47226617,3.3069127,0.16242594,49,1389
85ab,1683032599952447,0.46980211,3.3128431,0.17987953,49,1399
85ab,1683032600952952,0.47144911,3.3196113,0.19054274,49,1409
85ab,1683032601952427,0.48773375,3.3180935,0.18251982,48,1419
85ab,1683032602952450,0.50958133,3.3182895,0.190821,47,1429
85ab,1683032603952450,0.50128347,3.3123248,0.18669689,49,1439
85ab,1683032604952491,0.48851192,3.310796,0.17944457,49,9
85ab,1683032605953016,0.48970312,3.3138824,0.17920703,49,19
85ab,1683032606952438,0.48915595,3.3170936,0.18328638,48,29
85ab,1683032607952482,0.49473327,3.3155763,0.18438248,48,39
85ab,1683032608952488,0.49757645,3.3192925,0.19024202,48,49
85ab,1683032609952497,0.511232,3.3277576,0.19659916,48,59
85ab,1683032610952485,0.50674319,3.3249743,0.19035785,49,69
85ab,1683032611953011,0.4946771,3.3210745,0.18145403,49,79
85ab,1683032612952487,0.48409447,3.3167198,0.1799733,49,89
85ab,1683032613952503,0.41656584,3.3257921,0.16812587,53,99
85ab,1683032614952510,0.44708192,3.31306,0.16081354,48,109
85ab,1683032615952526,0.44655567,3.3024495,0.17612563,49,119
85ab,1683032616953064,0.44989008,3.2988713,0.17713898,49,129
85ab,1683032617952513,0.45598286,3.2992129,0.17282231,49,139
85ab,1683032618952519,0.46995267,3.30856,0.17990007,48,149
85ab,1683032619952538,0.46573517,3.3136365,0.17863448,49,159
85ab,1683032620952556,0.48724517,3.3147008,0.18191081,48,169
85ab,1683032621952525,0.48121434,3.312794,0.1813913,49,179
85ab,1683032622953073,0.47714207,3.3132744,0.19160351,49,189
85ab,1683032623952554,0.48520219,3.3133538,0.18613844,48,199
85ab,1683032624952537,0.47852135,3.320497,0.18686353,49,209
85ab,1683032625952619,0.41230926,3.3279448,0.17768417,53,219
85ab,1683032626952559,0.43585691,3.3219514,0.17482226,48,229
85ab,1683032627954398,0.45103464,3.3245475,0.17310917,49,239
85ab,1683032628952596,0.47025877,3.3243723,0.17707549,48,249
85ab,1683032629952611,0.46425894,3.3185875,0.18276754,49,259
85ab,1683032630952604,0.47079268,3.3230143,0.18684241,48,269
85ab,1683032631952596,0.49575782,3.3225615,0.18770353,47,279
85ab,1683032632953113,0.50886124,3.3282969,0.18224272,48,289
85ab,1683032633952642,0.50640851,3.3318014,0.18307602,49,299
85ab,1683032634952663,0.42253858,3.3381078,0.18538468,53,309
85ab,1683032635952672,0.45412853,3.3314707,0.18694024,48,319
85ab,1683032636952682,0.46612704,3.3331637,0.20627254,48,329
85ab,1683032637953138,0.4734396,3.3316345,0.20553763,48,339
85ab,1683032638952669,0.47820562,3.3207541,0.19638972,48,349
85ab,1683032639952658,0.47847009,3.3190207,0.19431271,49,359
85ab,1683032640952688,0.46970195,3.3170574,0.19999239,49,369
85ab,1683032641952664,0.46384132,3.3139148,0.20081449,49,379
85ab,1683032642953168,0.45016208,3.3144543,0.1971315,50,389
85ab,1683032643952714,0.44180745,3.3158591,0.2006598,49,399
85ab,1683032644952703,0.44758689,3.313952,0.20432824,49,409
85ab,1683032645952713,0.45143592,3.3164358,0.18054813,49,419
85ab,1683032646952714,0.45526677,3.3236005,0.18194078,49,429
85ab,1683032647952733,0.49027023,3.3261874,0.18292306,47,439
85ab,1683032648953184,0.49896562,3.3215735,0.18183124,48,449
85ab,1683032649952729,0.51138121,3.3201,0.16665259,48,459
85ab,1683032650952721,0.49240544,3.3129,0.17217286,49,469
85ab,1683032651952844,0.40993348,3.3231835,0.17990004,53,479
85ab,1683032652952754,0.42361367,3.3244412,0.17184445,49,489
85ab,1683032653953264,0.4511351,3.3176661,0.16591097,48,499
85ab,1683032654952945,0.46652171,3.3238292,0.16939403,48,509
85ab,1683032655952728,0.47331032,3.3292418,0.17417528,49,519
85ab,1683032656952765,0.39473614,3.3364048,0.18937244,53,529
85ab,1683032657952774,0.43466443,3.3376968,0.17578787,48,539
85ab,1683032658953289,0.44428867,3.331115,0.18494117,48,549
85ab,1683032659952789,0.45874715,3.3199515,0.1909027,48,559
85ab,1683032660952773,0.4746041,3.3193855,0.19208479,48,569
85ab,1683032661952765,0.48745134,3.3194084,0.20729332,48,579
85ab,1683032662952800,0.49458987,3.3258173,0.19609022,48,589
85ab,1683032663953276,0.47782955,3.3227985,0.19834667,49,599
85ab,1683032664952910,0.46804339,3.3269434,0.20361298,49,609
85ab,1683032665952802,0.4626832,3.3228436,0.20172013,49,619
85ab,1683032666952816,0.46557769,3.3220892,0.19639014,49,629
85ab,1683032667952820,0.46469995,3.3146076,0.19853455,49,639
85ab,1683032668953310,0.48061144,3.321687,0.19779468,48,649
85ab,1683032669952832,0.47714841,3.3202183,0.18715456,49,659
85ab,1683032670952846,0.50146943,3.3275387,0.18697526,48,669
85ab,1683032671952828,0.5152756,3.3211825,0.18754181,47,679
85ab,1683032672952830,0.5288046,3.3223124,0.19970965,47,689
85ab,1683032673953323,0.52322841,3.3282914,0.20252952,48,699
85ab,1683032674952970,0.50541925,3.3254983,0.20273519,49,709
85ab,1683032675952865,0.49431083,3.3207147,0.19168995,49,719
85ab,1683032676952858,0.48588625,3.322933,0.19292277,49,729
85ab,1683032677952861,0.41993871,3.3305249,0.17959464,52,739
85ab,1683032678953322,0.45406058,3.3334377,0.17377272,48,749
85ab,1683032679952872,0.46013123,3.3304944,0.16408414,49,759
85ab,1683032680952876,0.39840648,3.3370626,0.16231178,52,769
85ab,1683032681952886,0.41943863,3.3238406,0.18148904,48,779
85ab,1683032682952892,0.35536796,3.3304513,0.18073182,53,789
85ab,1683032683953349,0.39964455,3.3241534,0.18482104,48,799
85ab,1683032684952868,0.4236747,3.3174326,0.1782138,48,809
85ab,1683032685952913,0.44088197,3.3198776,0.18619749,48,819
85ab,1683032686952904,0.45594484,3.3199608,0.18536149,48,829
85ab,1683032687952902,0.47064483,3.3183875,0.18158926,48,839
85ab,1683032688953384,0.46557143,3.3097196,0.19525634,48,849
85ab,1683032689952914,0.46163639,3.308954,0.18937056,49,859
85ab,1683032690952912,0.48099,3.3117967,0.18517841,48,869
85ab,1683032691952896,0.48074985,3.3185959,0.18574302,49,879
85ab,1683032692952931,0.47599545,3.3104799,0.19236539,48,889
85ab,1683032693953403,0.40165019,3.3208442,0.2029999,52,899
85ab,1683032694952931,0.3483851,3.3281605,0.19154133,53,909
85ab,1683032695952938,0.33808386,3.3295395,0.19053304,51,919
85ab,1683032696952988,0.38214841,3.3321717,0.19588286,48,929
85ab,1683032697952959,0.42158523,3.3240163,0.19997621,47,939
85ab,1683032698952940,0.42451066,3.3229828,0.19955137,49,949
85ab,1683032699953428,0.450068,3.327723,0.18969749,48,959
85ab,1683032700952962,0.3869186,3.3392031,0.19640945,52,969
85ab,1683032701952920,0.4067826,3.33183,0.18791091,49,979
85ab,1683032702952966,0.44118652,3.3306019,0.18594643,48,989
85ab,1683032703952974,0.46944836,3.3274879,0.18923341,47,999
85ab,1683032704953435,0.41184598,3.3339136,0.17337351,52,1009
85ab,1683032705952965,0.43201044,3.3298054,0.17997897,48,1019
85ab,1683032706952977,0.43700576,3.2486532,0.11062475,67,1029
85ab,1683032707952996,0.47487116,3.2745886,0.12557058,47,1039
85ab,1683032708953018,0.39901397,3.2965605,0.13342196,53,1049
85ab,1683032709953481,0.33824089,3.3149614,0.15696789,53,1059
85ab,1683032710953016,0.38319266,3.3201954,0.16109988,48,1069
85ab,1683032711952981,0.40173897,3.308008,0.15980642,49,1079
85ab,1683032712953032,0.42049497,3.3110249,0.1667733,49,1089
85ab,1683032713953019,0.41279069,3.304234,0.16802858,50,1099
85ab,1683032714953714,0.43685505,3.3141761,0.15770613,49,1109
85ab,1683032715952992,0.46189636,3.3228736,0.16382881,48,1119
85ab,1683032716953017,0.38794342,3.3296916,0.16571911,53,1129
85ab,1683032717953031,0.414179,3.3183544,0.16217214,48,1139
85ab,1683032718953052,0.42857444,3.3211002,0.16748898,49,1149
85ab,1683032719953047,0.45557776,3.3281579,0.17468958,48,1159
85ab,1683032720953519,0.47438678,3.3310969,0.18088135,48,1169
85ab,1683032721953044,0.47662023,3.3337495,0.17816621,49,1179
85ab,1683032722953056,0.46668509,3.3300283,0.17445122,49,1189
85ab,1683032723953057,0.46732882,3.3273532,0.17231059,49,1199
85ab,1683032724953077,0.44998774,3.3131642,0.16715707,50,1209
85ab,1683032725953066,0.4567768,3.31966,0.17392938,49,1219
85ab,1683032726953548,0.46527955,3.3180215,0.1706842,49,1229
85ab,1683032727953057,0.4498868,3.3191395,0.17616305,50,1239
85ab,1683032728953079,0.45357868,3.3181374,0.16563354,49,1249
85ab,1683032729953086,0.45355016,3.3223467,0.16613914,49,1259
85ab,1683032730953098,0.46988979,3.3247228,0.1601155,48,1269
85ab,1683032731953569,0.47295243,3.3292522,0.17316565,49,1279
85ab,1683032732953094,0.47596923,3.3228552,0.17093225,49,1289
85ab,1683032733953102,0.4851473,3.3228381,0.16800861,48,1299
85ab,1683032734953109,0.44119549,3.3317068,0.16746031,51,1309
85ab,1683032735953127,0.45742309,3.3281446,0.1741005,48,1319
85ab,1683032736953621,0.45561665,3.3316088,0.1794339,49,1329
85ab,1683032737953126,0.46977946,3.3237855,0.17191058,48,1339
85ab,1683032738953106,0.39642766,3.3336425,0.17519678,53,1349
85ab,1683032739953129,0.41576773,3.3353369,0.16317444,49,1359
85ab,1683032740953146,0.42212844,3.3234088,0.16529639,49,1369
85ab,1683032741953618,0.44796148,3.3226428,0.16852708,48,1379
85ab,1683032742953155,0.43203509,3.3218844,0.17868733,50,1389
85ab,1683032743953152,0.44249791,3.3116717,0.17237994,49,1399
85ab,1683032744953156,0.45571774,3.3171353,0.18184641,48,1409
85ab,1683032745953178,0.46357217,3.3188255,0.18793379,48,1419
85ab,1683032746953669,0.40151623,3.3307445,0.18277705,52,1429
85ab,1683032747953169,0.41701016,3.3296025,0.18367122,49,1439
85ab,1683032748953175,0.44988009,3.3227592,0.18660104,47,9
85ab,1683032749953158,0.46455804,3.3149738,0.18342249,48,19
85ab,1683032750953174,0.46751603,3.3114719,0.18285805,49,29
85ab,1683032751953162,0.48118079,3.3138385,0.18691279,48,39
85ab,1683032752953637,0.47613198,3.3152347,0.18324232,49,49
85ab,1683032753953208,0.47450453,3.3104873,0.19501618,48,59
85ab,1683032754953199,0.4908523,3.3028557,0.19417359,47,69
85ab,1683032755953210,0.49012449,3.3137908,0.17418547,49,79
85ab,1683032756953205,0.41702142,3.324955,0.18930402,52,89
85ab,1683032757953627,0.42198598,3.3250616,0.18451633,49,99
85ab,1683032758953168,0.37378219,3.3377361,0.17579755,52,109
85ab,1683032759953166,0.39009592,3.3356218,0.18057436,49,119
85ab,1683032760953213,0.41622934,3.3377106,0.19769859,48,129
85ab,1683032761953188,0.44100025,3.3274477,0.20515589,48,139
85ab,1683032762953706,0.44088364,3.326685,0.18770672,50,149
85ab,1683032763953229,0.45047861,3.3242824,0.18865977,49,159
85ab,1683032764953228,0.47056243,3.3233168,0.18618903,48,169
85ab,1683032765953226,0.47417676,3.3208535,0.18326531,49,179
85ab,1683032766953248,0.47895172,3.3140693,0.17438453,49,189
85ab,1683032767953723,0.46998113,3.3110235,0.18599999,49,199
85ab,1683032768953244,0.46548378,3.3092952,0.18690032,49,209
85ab,1683032769953250,0.46525916,3.3001847,0.18809915,48,219
85ab,1683032770953261,0.3989906,3.3170776,0.19879447,52,229
85ab,1683032771953283,0.41878805,3.3060048,0.19554853,48,239
85ab,1683032772953758,0.45297173,3.3136117,0.19103689,48,249
85ab,1683032773953628,0.45011839,3.3102679,0.18609573,49,259
85ab,1683032774953489,0.44734806,3.3133976,0.18657717,49,269
85ab,1683032775953251,0.46821454,3.3135226,0.18291147,48,279
85ab,1683032776954764,0.46963248,3.309499,0.17980489,49,289
85ab,1683032777953758,0.39564839,3.3191519,0.18740162,53,299
85ab,1683032778953312,0.40838695,3.317,0.18956161,49,309
85ab,1683032779953296,0.41604951,3.3160064,0.18660262,49,319
85ab,1683032780953315,0.43329206,3.312921,0.18100998,49,329
85ab,1683032781953294,0.45522442,3.3136251,0.19441949,48,339
85ab,1683032782953299,0.4557628,3.3153288,0.19762407,49,349
85ab,1683032783953792,0.47040761,3.3051903,0.18406688,48,359
85ab,1683032784953344,0.45779279,3.3079495,0.18475458,49,369
85ab,1683032785953338,0.47079208,3.3149564,0.18349697,48,379
85ab,1683032786953339,0.37907991,3.3298254,0.18065371,54,389
85ab,1683032787953348,0.39398116,3.264987,0.12392235,67,399
85ab,1683032788953845,0.41798809,3.2821026,0.14537731,48,409
85ab,1683032789953376,0.45010024,3.2950907,0.16113487,48,419
85ab,1683032790953342,0.43985629,3.2946255,0.16138953,50,429
85ab,1683032791953340,0.45455417,3.2927742,0.15640411,48,439
85ab,1683032792953354,0.46878195,3.3013997,0.16852674,48,449
85ab,1683032793953840,0.41879606,3.3138189,0.16410102,52,459
85ab,1683032794953368,0.44082242,3.3136983,0.16369256,48,469
85ab,1683032795953394,0.45176238,3.3220496,0.15648869,49,479
85ab,1683032796953382,0.46721259,3.3129451,0.1627755,48,489
85ab,1683032797953393,0.47693592,3.3050823,0.16117968,48,499
85ab,1683032798953854,0.47689271,3.3031201,0.16181067,49,509
85ab,1683032799953394,0.46645698,3.3002849,0.172067,49,519
85ab,1683032800953393,0.465282,3.3015811,0.16170146,49,529
85ab,1683032801953368,0.466181,3.3061233,0.16626029,49,539
85ab,1683032802953430,0.48614198,3.314013,0.18120602,48,549
85ab,1683032803953422,0.46807623,3.31638,0.19130304,49,559
85ab,1683032804953856,0.48108321,3.3140872,0.18446894,48,569
85ab,1683032805953442,0.47856563,3.3148587,0.18781766,49,579
85ab,1683032806953434,0.4869912,3.3153138,0.18246666,48,589
85ab,1683032807953436,0.49794689,3.3165905,0.18154418,48,599
85ab,1683032808953451,0.49202546,3.3198373,0.18383726,49,609
85ab,1683032809953900,0.49296039,3.3247802,0.18863466,48,619
85ab,1683032810953437,0.49347019,3.3189514,0.18895301,48,629
85ab,1683032811953443,0.41347846,3.3292851,0.19064952,53,639
85ab,1683032812953463,0.44322744,3.3240931,0.19311962,48,649
85ab,1683032813953464,0.46069682,3.3293676,0.18714736,48,659
85ab,1683032814953932,0.47493017,3.334337,0.19070774,48,669
85ab,1683032815953452,0.4617345,3.3251019,0.189921,49,679
85ab,1683032816953520,0.46795976,3.3225791,0.17293157,49,689
85ab,1683032817953485,0.48120537,3.3242402,0.16966978,48,699
85ab,1683032818953482,0.5023436,3.322541,0.17029081,48,709
85ab,1683032819953466,0.49128339,3.322618,0.17333576,49,719
85ab,1683032820953937,0.4111827,3.3319833,0.17717849,53,729
85ab,1683032821953465,0.42320108,3.3326526,0.17140192,49,739
85ab,1683032822953496,0.44071996,3.3327127,0.17575516,49,749
85ab,1683032823953485,0.45830938,3.3354919,0.19092007,48,759
85ab,1683032824953495,0.4568187,3.3267164,0.1862182,49,769
85ab,1683032825953966,0.46233746,3.3195302,0.18591668,48,779
85ab,1683032826953496,0.46181521,3.309099,0.17842068,49,789
85ab,1683032827953528,0.4259139,3.3074484,0.17634481,51,799
85ab,1683032828953522,0.44088778,3.3038096,0.16377917,49,809
85ab,1683032829953533,0.4346928,3.2999802,0.17411213,49,819
85ab,1683032830953992,0.37022442,3.3134127,0.17602381,53,829
85ab,1683032831953481,0.39570543,3.3132143,0.17008725,49,839
85ab,1683032832953539,0.42650774,3.3087897,0.17567718,48,849
85ab,1683032833954004,0.43377918,3.3073459,0.17043477,49,859
85ab,1683032834953772,0.36880851,3.3189704,0.17503422,53,869
85ab,1683032835953516,0.40488261,3.3214545,0.1692948,48,879
85ab,1683032836954049,0.43451452,3.3169148,0.16193083,48,889
85ab,1683032837953568,0.41694307,3.3151731,0.16673024,50,899
85ab,1683032838953574,0.43985525,3.3133671,0.1728016,48,909
85ab,1683032839953571,0.3833507,3.3255877,0.1600724,53,919
85ab,1683032840953585,0.33169383,3.3341467,0.16369566,53,929
85ab,1683032841953563,0.36311486,3.3258419,0.16942383,49,939
85ab,1683032842954068,0.37876227,3.3298421,0.17723,49,949
85ab,1683032843953603,0.40021804,3.3204918,0.18598783,48,959
85ab,1683032844953641,0.41396937,3.3235567,0.18939769,49,969
85ab,1683032845953588,0.43038765,3.327512,0.19243416,49,979
85ab,1683032846953605,0.43111247,3.3288441,0.1973453,49,989
85ab,1683032847954078,0.45068,3.3331532,0.19905463,48,999
85ab,1683032848953588,0.4520995,3.3310976,0.21261571,49,1009
85ab,1683032849953626,0.45109054,3.3352933,0.20470728,49,1019
85ab,1683032850953633,0.3621189,3.3451624,0.20191973,54,1029
85ab,1683032851953602,0.38134846,3.3330455,0.19160055,49,1039
85ab,1683032852954132,0.33356649,3.3428941,0.18549015,53,1049
85ab,1683032853953639,0.35976055,3.3348329,0.18973626,49,1059
85ab,1683032854953634,0.38264745,3.3249412,0.19418283,49,1069
85ab,1683032855953684,0.39863625,3.312351,0.18525402,49,1079
85ab,1683032856953677,0.4225443,3.3090467,0.19261852,48,1089
85ab,1683032857954146,0.42892414,3.3081603,0.17859021,49,1099
85ab,1683032858953671,0.45819932,3.3074262,0.18181328,48,1109
85ab,1683032859953672,0.47824231,3.3126314,0.16627254,48,1119
85ab,1683032860953698,0.475808,3.3128903,0.17149082,49,1129
85ab,1683032861953680,0.397359,3.3225927,0.1873876,53,1139
85ab,1683032862954158,0.42753124,3.3267314,0.18477479,48,1149
85ab,1683032863953695,0.37186509,3.3327234,0.18137564,52,1159
85ab,1683032864953700,0.39279717,3.3252964,0.1747086,49,1169
85ab,1683032865953708,0.43172038,3.331672,0.19288088,47,1179
85ab,1683032866953728,0.42869312,3.3295393,0.19661352,49,1189
85ab,1683032867954174,0.43975759,3.3308191,0.1845108,49,1199
85ab,1683032868953715,0.465092,3.3234706,0.18173286,48,1209
85ab,1683032869953703,0.48307407,3.3249664,0.17668831,48,1219
85ab,1683032870953718,0.47916576,3.3053033,0.17194533,48,1229
85ab,1683032871953706,0.48465768,3.3065851,0.17209974,48,1239
85ab,1683032872954209,0.48484591,3.3114576,0.17261475,49,1249
85ab,1683032873953712,0.5029121,3.299964,0.16389465,47,1259
85ab,1683032874953754,0.50978488,3.3076191,0.17372337,48,1269
85ab,1683032875953736,0.49985129,3.3103352,0.16476716,49,1279
85ab,1683032876953799,0.504296,3.3160112,0.16960533,48,1289
85ab,1683032877954234,0.50690824,3.3203084,0.17492749,48,1299
85ab,1683032878953763,0.40561056,3.3269107,0.18058476,54,1309
85ab,1683032879953749,0.45169792,3.3318968,0.18519682,47,1319
85ab,1683032880953761,0.46952084,3.3289464,0.18162706,48,1329
85ab,1683032881953744,0.46450892,3.3218551,0.18095146,49,1339
85ab,1683032882954264,0.47615108,3.3168149,0.18357813,48,1349
85ab,1683032883953776,0.47217542,3.3168662,0.18692179,49,1359
85ab,1683032884953778,0.47313803,3.303998,0.17962095,48,1369
85ab,1683032885953784,0.40097231,3.3151557,0.19078726,52,1379
85ab,1683032886953790,0.42921627,3.32148,0.19961634,48,1389
85ab,1683032887954282,0.36940274,3.3335321,0.19591874,52,1399
85ab,1683032888953816,0.39499223,3.3251417,0.185099,49,1409
85ab,1683032889953791,0.424635,3.3119836,0.18082277,48,1419
85ab,1683032890954238,0.44438133,3.3141024,0.1831554,48,1429
85ab,1683032891953810,0.37271124,3.3216028,0.18380195,53,1439
85ab,1683032892954282,0.408941,3.3154798,0.17446837,48,9
85ab,1683032893953837,0.44085267,3.3149946,0.17046404,48,19
85ab,1683032894954036,0.47851485,3.3199708,0.18306345,47,29
85ab,1683032895953801,0.47971627,3.3156013,0.16955851,49,39
85ab,1683032896953833,0.49249068,3.3119044,0.16672795,48,49
85ab,1683032897954330,0.48918387,3.3099384,0.16949444,49,59
85ab,1683032898953865,0.48051542,3.3061028,0.17376582,49,69
85ab,1683032899953857,0.48949757,3.3132982,0.16487668,49,79
85ab,1683032900953843,0.40864432,3.32251,0.16650501,53,89
85ab,1683032901953846,0.34993333,3.3318703,0.17028631,53,99
85ab,1683032902953870,0.39031631,3.3225758,0.17035079,48,109
85ab,1683032903954353,0.33679432,3.3350313,0.17133197,53,119
85ab,1683032904953912,0.37034893,3.3289406,0.17624547,49,129
85ab,1683032905953883,0.37958181,3.3254461,0.16988721,50,139
85ab,1683032906953894,0.42356703,3.3183796,0.16152903,48,149
85ab,1683032907953890,0.43148112,3.3179133,0.16675192,49,159
85ab,1683032908953896,0.43690884,3.3109355,0.18413295,48,169
85ab,1683032909954410,0.45368567,3.3132112,0.18211934,48,179
85ab,1683032910953907,0.38949546,3.3247242,0.17143914,53,189
85ab,1683032911953892,0.41098225,3.3280804,0.16829436,49,199
85ab,1683032912953908,0.41403073,3.3282213,0.17112796,49,209
85ab,1683032913953941,0.43528566,3.3260508,0.16872819,49,219
85ab,1683032914954404,0.450746,3.3225217,0.18196881,48,229
85ab,1683032915953973,0.47705197,3.3267162,0.17820005,48,239
85ab,1683032916953940,0.47464919,3.3253968,0.19277401,48,249
85ab,1683032917953936,0.46322441,3.3236821,0.18350674,49,259
85ab,1683032918953946,0.40745395,3.3322222,0.18396153,52,269
85ab,1683032919954459,0.44343057,3.3279345,0.18857235,47,279
85ab,1683032920954050,0.44314384,3.3313749,0.18836665,49,289
85ab,1683032921953952,0.46300232,3.3351457,0.19442824,48,299
85ab,1683032922953974,0.48417681,3.3238909,0.19829069,47,309
85ab,1683032923953978,0.50078821,3.3301618,0.19287446,48,319
85ab,1683032924954451,0.50644374,3.3308012,0.18730673,48,329
85ab,1683032925953978,0.48266694,3.3232265,0.18804114,49,339
85ab,1683032926954003,0.48762107,3.3089962,0.18457647,48,349
85ab,1683032927953989,0.48872119,3.3129783,0.17159469,49,359
85ab,1683032928953999,0.4844811,3.3121808,0.16941397,49,369
85ab,1683032929955974,0.48533642,3.3108227,0.16728029,49,379
85ab,1683032930954007,0.47106034,3.317018,0.17570986,49,389
85ab,1683032931954012,0.41752231,3.3287294,0.17286128,52,399
85ab,1683032932954022,0.34473842,3.3334513,0.18416658,53,409
85ab,1683032933954051,0.3800672,3.3265245,0.1951129,48,419
85ab,1683032934954478,0.40505773,3.3247638,0.18804023,49,429
85ab,1683032935954008,0.44399717,3.32754,0.20781165,47,439
85ab,1683032936954046,0.48326454,3.3282471,0.19811782,47,449
85ab,1683032937954058,0.49742779,3.3309526,0.18986976,48,459
85ab,1683032938954044,0.50342023,3.3205297,0.19062947,48,469
85ab,1683032939954498,0.49102363,3.3061132,0.18811846,49,479
85ab,1683032940954046,0.51187587,3.3169599,0.18769817,48,489
85ab,1683032941953196,0.49690482,3.3145616,0.18903188,49,499
85ab,1683032942954080,0.49786454,3.3233576,0.19880204,48,509
85ab,1683032943954060,0.49599689,3.3209033,0.19284742,48,519
85ab,1683032944954532,0.48031938,3.3173959,0.19076976,49,529
85ab,1683032945954049,0.48318145,3.3111334,0.19320615,48,539
85ab,1683032946954054,0.473051,3.3121626,0.18147878,49,549
85ab,1683032947954082,0.46445948,3.3173513,0.18923068,49,559
85ab,1683032948954078,0.48300216,3.3214488,0.19203854,48,569
85ab,1683032949954086,0.48629212,3.3283212,0.19384921,49,579
85ab,1683032950954942,0.40549606,3.3345754,0.18910252,53,589
85ab,1683032951954106,0.43950024,3.3351381,0.19111434,48,599
85ab,1683032952954123,0.44262314,3.3330641,0.19676229,49,609
85ab,1683032953954158,0.37677839,3.3413355,0.19117068,53,619
85ab,1683032954954325,0.38398632,3.3246937,0.18753615,49,629
85ab,1683032955954093,0.40727574,3.3250613,0.18576977,49,639
85ab,1683032956954621,0.44456336,3.3260753,0.17497861,48,649
85ab,1683032957954126,0.44669318,3.3251455,0.17322886,49,659
85ab,1683032958954140,0.44954559,3.3278172,0.17898197,49,669
85ab,1683032959954156,0.46842214,3.3325334,0.18922997,48,679
85ab,1683032960954155,0.47166589,3.3361032,0.20296878,48,689
85ab,1683032961954629,0.48810494,3.3285248,0.20517389,48,699
85ab,1683032962954165,0.49754819,3.3255577,0.19406848,48,709
85ab,1683032963954159,0.50998276,3.3209543,0.18374453,48,719
85ab,1683032964954258,0.48485327,3.317996,0.17910361,50,729
85ab,1683032965954185,0.50291765,3.3268938,0.19194412,47,739
85ab,1683032966954640,0.50031418,3.3293998,0.19909242,48,749
85ab,1683032967954180,0.41170371,3.335499,0.20015465,53,759
85ab,1683032968954182,0.433775,3.3254952,0.19952863,48,769
85ab,1683032969954201,0.45701677,3.3278162,0.21010795,48,779
85ab,1683032970954214,0.45333347,3.3247819,0.19765478,49,789
85ab,1683032971954685,0.45371568,3.324445,0.19909132,49,799
85ab,1683032972954204,0.43677059,3.3090098,0.19857349,49,809
85ab,1683032973954195,0.43670681,3.3156383,0.19756536,49,819
85ab,1683032974954208,0.43116444,3.3100557,0.1888023,49,829
85ab,1683032975954259,0.44834402,3.3122158,0.17499191,49,839
85ab,1683032976954688,0.45069197,3.3076432,0.17267379,49,849
85ab,1683032977954205,0.44832161,3.3018198,0.17156906,49,859
85ab,1683032978954222,0.37841755,3.3139555,0.17327556,53,869
85ab,1683032979954234,0.40067339,3.31259,0.18561807,48,879
85ab,1683032980954377,0.33311665,3.320951,0.17784823,54,889
85ab,1683032981954736,0.31416649,3.3308296,0.17185427,52,899
85ab,1683032982954290,0.33871171,3.3229024,0.16592467,50,909
85ab,1683032983954283,0.38027835,3.3161852,0.17751732,48,919
85ab,1683032984954292,0.40324587,3.3226216,0.17892127,49,929
85ab,1683032985954311,0.43194637,3.3243127,0.17584744,48,939
85ab,1683032986954827,0.44934309,3.32806,0.17924248,48,949
85ab,1683032987954308,0.45583853,3.3093712,0.17747796,48,959
85ab,1683032988954318,0.45741811,3.3099277,0.16397306,49,969
85ab,1683032989954315,0.36703435,3.3191955,0.17595483,54,979
85ab,1683032990954322,0.37628722,3.3199158,0.17659557,50,989
85ab,1683032991954748,0.4117274,3.3255355,0.17754194,48,999
85ab,1683032992954334,0.43954295,3.3314822,0.18364108,48,1009
85ab,1683032993954312,0.37333184,3.3391175,0.17171678,53,1019
85ab,1683032994954349,0.40456238,3.3352466,0.17705792,48,1029
85ab,1683032995954356,0.43014717,3.3289514,0.17255576,48,1039
85ab,1683032996954911,0.43515968,3.323266,0.16883871,49,1049
85ab,1683032997954334,0.447436,3.3145096,0.1704372,48,1059
85ab,1683032998954361,0.45673645,3.3184159,0.1792755,48,1069
85ab,1683032999954354,0.47402182,3.3236754,0.18065549,48,1079
85ab,1683033000954363,0.48955771,3.32125,0.17861155,48,1089
85ab,1683033001954790,0.4761219,3.3242071,0.1887992,49,1099
85ab,1683033002954354,0.48227733,3.3273647,0.19515477,48,1109
85ab,1683033003954377,0.49132627,3.3261354,0.18280955,48,1119
85ab,1683033004954378,0.50286013,3.3301258,0.17742239,48,1129
85ab,1683033005954402,0.50593418,3.3340409,0.18071756,48,1139
85ab,1683033006954386,0.5098,3.3358166,0.19760285,48,1149
85ab,1683033007954964,0.50029022,3.3317568,0.19148673,49,1159
85ab,1683033008954410,0.42562181,3.3366153,0.19169185,52,1169
85ab,1683033009954409,0.36408746,3.3401802,0.19186705,53,1179
85ab,1683033010954431,0.401236,3.3309207,0.17859288,48,1189
85ab,1683033011955063,0.41338482,3.3305488,0.18288082,49,1199
85ab,1683033012954943,0.43273556,3.3326986,0.18426412,49,1209
85ab,1683033013954446,0.45428035,3.3242185,0.18716805,48,1219
85ab,1683033014954691,0.47775313,3.325465,0.17755266,48,1229
85ab,1683033015954431,0.40302679,3.3372467,0.17848825,53,1239
85ab,1683033016954478,0.44721165,3.336266,0.17632554,47,1249
85ab,1683033017954970,0.4496659,3.3283598,0.18328036,49,1259
85ab,1683033018954525,0.46737906,3.3327355,0.18524696,48,1269
85ab,1683033019954490,0.46012,3.3280258,0.19041468,49,1279
85ab,1683033020954488,0.45332664,3.3260953,0.19591318,49,1289
85ab,1683033021954498,0.45505708,3.3222003,0.19445419,49,1299
85ab,1683033022955187,0.47040382,3.324554,0.17953946,49,1309
85ab,1683033023954519,0.45128027,3.3116372,0.18836181,49,1319
85ab,1683033024954510,0.38028112,3.3217614,0.20358525,53,1329
85ab,1683033025954514,0.40161875,3.3083231,0.18924069,49,1339
85ab,1683033026954517,0.34763974,3.3180392,0.18387796,53,1349
85ab,1683033027955014,0.396045,3.305712,0.19482978,47,1359
85ab,1683033028954570,0.43343928,3.3065166,0.1983832,47,1369
85ab,1683033029954534,0.44571075,3.3163118,0.19919713,49,1379
85ab,1683033030954544,0.45544249,3.2448208,0.12797402,67,1389
85ab,1683033031954533,0.46044251,3.268153,0.13569552,49,1399
85ab,1683033032955059,0.45976582,3.282742,0.15177371,49,1409
85ab,1683033033954568,0.46401513,3.2920754,0.16074878,49,1419
85ab,1683033034954562,0.47143039,3.3046162,0.16682887,49,1429
85ab,1683033035954594,0.4689146,3.3073957,0.16381834,49,1439
85ab,1683033036954566,0.47779134,3.30718,0.15995903,48,9
85ab,1683033037954582,0.46982479,3.3138914,0.18212391,49,19
85ab,1683033038955048,0.40868065,3.3034019,0.17738515,53,29
85ab,1683033039954581,0.4283891,3.3076088,0.18019848,48,39
85ab,1683033040954615,0.45790097,3.3150299,0.18811682,48,49
85ab,1683033041954590,0.37773541,3.3233066,0.19909534,53,59
85ab,1683033042954606,0.4089224,3.3115177,0.19542374,48,69
85ab,1683033043954606,0.34315988,3.3220873,0.19740313,53,79
85ab,1683033044955074,0.38255581,3.32739,0.20334214,48,89
85ab,1683033045954638,0.40735793,3.3248742,0.20220943,48,99
85ab,1683033046954607,0.34584567,3.3339887,0.18044777,53,109
85ab,1683033047954636,0.39260274,3.3307643,0.18538506,48,119
85ab,1683033048954642,0.3975389,3.3203919,0.1735276,50,129
85ab,1683033049954634,0.40828893,3.3132579,0.18095669,49,139
85ab,1683033050955138,0.4317022,3.3147852,0.17441197,49,149
85ab,1683033051954619,0.43516514,3.3123987,0.16314015,49,159
85ab,1683033052954639,0.44027221,3.308414,0.15933035,49,169
85ab,1683033053954650,0.45983809,3.3077476,0.17372243,48,179
85ab,1683033054954657,0.38903183,3.3178031,0.18106461,53,189
85ab,1683033055954640,0.41748723,3.3162451,0.18781099,48,199
85ab,1683033056955155,0.43725738,3.3194537,0.18199316,49,209
85ab,1683033057954674,0.44516253,3.3138115,0.17549619,49,219
85ab,1683033058954664,0.3716833,3.3223972,0.1877875,53,229
85ab,1683033059954681,0.38383585,3.3174827,0.18061262,49,239
85ab,1683033060954725,0.41996336,3.3222222,0.18262666,48,249
85ab,1683033061954658,0.35993293,3.3285339,0.18244398,53,259
85ab,1683033062955149,0.390299,3.3242164,0.1883443,48,269
85ab,1683033063954703,0.40230992,3.3183842,0.18930049,49,279
85ab,1683033064954874,0.41481912,3.3187733,0.19014595,49,289
85ab,1683033065954708,0.42886755,3.3143022,0.18778409,49,299
85ab,1683033066954716,0.43140993,3.3196664,0.19128896,49,309
85ab,1683033067955196,0.44998777,3.3184094,0.19463967,48,319
85ab,1683033068954730,0.46329895,3.3165894,0.19446236,48,329
85ab,1683033069954730,0.45751095,3.3210886,0.18574457,49,339
85ab,1683033070954720,0.45597118,3.3203173,0.17165481,49,349
85ab,1683033071954719,0.46448064,3.3227906,0.18031217,48,359
85ab,1683033072955216,0.39454043,3.32992,0.1868566,53,369
85ab,1683033073954765,0.41142198,3.3277805,0.19915162,49,379
85ab,1683033074954968,0.42371961,3.3274212,0.19765761,49,389
85ab,1683033075954730,0.44307306,3.3182623,0.18626474,48,399
85ab,1683033076954778,0.3541421,3.3299468,0.18556634,54,409
85ab,1683033077955256,0.38705891,3.3280606,0.17835069,49,419
85ab,1683033078954808,0.41691914,3.3187611,0.17191258,48,429
85ab,1683033079954767,0.41886035,3.3175511,0.18193211,49,439
85ab,1683033080954786,0.42804363,3.3244915,0.18628007,49,449
85ab,1683033081954770,0.438159,3.3168883,0.18136308,49,459
85ab,1683033082955294,0.44396102,3.3165998,0.174719,49,469
85ab,1683033083956444,0.44247288,3.3152225,0.1851933,49,479
85ab,1683033084954834,0.44700778,3.3106678,0.17947933,49,489
85ab,1683033085954802,0.45991781,3.3056278,0.17082006,48,499
85ab,1683033086954812,0.46368548,3.3065407,0.18927927,48,509
85ab,1683033087955298,0.37999892,3.318382,0.19642442,53,519
85ab,1683033088954830,0.40812513,3.3197796,0.19899175,48,529
85ab,1683033089954826,0.32801551,3.3257494,0.20142791,54,539
85ab,1683033090954828,0.29517066,3.3334446,0.19031638,53,549
85ab,1683033091954820,0.34541851,3.3308265,0.18566687,49,559
85ab,1683033092955352,0.38640952,3.3314006,0.18684031,48,569
85ab,1683033093954854,0.39551342,3.3291893,0.18683875,49,579
85ab,1683033094954844,0.33455011,3.3360369,0.18650718,53,589
85ab,1683033095954872,0.37691662,3.3205557,0.17198341,48,599
85ab,1683033096954862,0.39370775,3.3244734,0.18307877,49,609
85ab,1683033097954863,0.42252648,3.323489,0.18497816,48,619
85ab,1683033098955347,0.43762428,3.3216274,0.17789137,49,629
85ab,1683033099954868,0.45907077,3.3137546,0.16498475,48,639
85ab,1683033100954891,0.46690157,3.318579,0.17264232,48,649
85ab,1683033101954853,0.47886238,3.3206098,0.1754829,48,659
85ab,1683033102954885,0.4634155,3.3179319,0.17831452,49,669
85ab,1683033103955370,0.48265287,3.3239357,0.17237119,48,679
85ab,1683033104954898,0.48851615,3.3223162,0.17778367,48,689
85ab,1683033105954915,0.48861438,3.3197472,0.19034368,48,699
85ab,1683033106954909,0.48430625,3.3157353,0.1852746,49,709
85ab,1683033107954916,0.41075626,3.3269324,0.18786314,52,719
85ab,1683033108955429,0.35292628,3.3336802,0.188094,53,729
85ab,1683033109954919,0.38729319,3.328645,0.18481639,48,739
85ab,1683033110954927,0.3948234,3.3287263,0.18694626,49,749
85ab,1683033111954940,0.33020023,3.3329833,0.17531145,54,759
85ab,1683033112954920,0.36734039,3.3365853,0.16857687,49,769
85ab,1683033113955491,0.29869011,3.3467751,0.16866004,54,779
85ab,1683033114954954,0.34205467,3.3471837,0.17400306,49,789
85ab,1683033115954946,0.37376052,3.3411386,0.1763451,49,799
85ab,1683033116954951,0.41425806,3.3352702,0.17975473,48,809
85ab,1683033117954971,0.42575565,3.3266366,0.17976438,49,819
85ab,1683033118955501,0.44191521,3.3249915,0.18028453,48,829
85ab,1683033119954954,0.39148408,3.3324413,0.1824457,52,839
85ab,1683033120954995,0.41217837,3.3309138,0.18365271,49,849
85ab,1683033121954939,0.34352937,3.3380861,0.18504518,53,859
85ab,1683033122954976,0.295906,3.3400626,0.17380905,53,869
85ab,1683033123955492,0.34224111,3.3403225,0.16754569,49,879
85ab,1683033124954984,0.37102529,3.3272059,0.1688925,49,889
85ab,1683033125954989,0.40417406,3.3295746,0.1785211,48,899
85ab,1683033126954997,0.44056621,3.3305554,0.18077376,48,909
85ab,1683033127955005,0.45963007,3.3321834,0.18953443,48,919
85ab,1683033128955518,0.47784117,3.32137,0.18713596,48,929
85ab,1683033129955018,0.48706707,3.3218892,0.18549338,48,939
85ab,1683033130955023,0.49173063,3.3168216,0.18685314,48,949
85ab,1683033131955945,0.49149492,3.3215921,0.18638174,49,959
85ab,1683033132955019,0.48449418,3.3251712,0.18895864,49,969
85ab,1683033133955604,0.48846111,3.3217065,0.19190086,48,979
85ab,1683033134955296,0.47259969,3.3228941,0.19683753,49,989
85ab,1683033135954999,0.47094941,3.3180761,0.19003086,49,999
85ab,1683033136955097,0.49003372,3.3251183,0.19102325,48,1009
85ab,1683033137955086,0.48510015,3.3119421,0.18778749,48,1019
85ab,1683033138955708,0.41650876,3.3215628,0.18012691,52,1029
85ab,1683033139955119,0.43344781,3.3173151,0.18318297,48,1039
85ab,1683033140955108,0.4685809,3.3238325,0.18579176,47,1049
85ab,1683033141955075,0.45546266,3.3092761,0.1846419,49,1059
85ab,1683033142955243,0.47802734,3.31338,0.17298406,48,1069
85ab,1683033143955627,0.41054386,3.3233542,0.16637561,53,1079
85ab,1683033144955204,0.4258481,3.3183272,0.16379333,49,1089
85ab,1683033145955113,0.43804762,3.3185964,0.16443272,49,1099
85ab,1683033146955146,0.4469156,3.3191149,0.17547652,49,1109
85ab,1683033147955163,0.45697057,3.3267703,0.19009249,48,1119
85ab,1683033148955672,0.46614698,3.324127,0.18197122,49,1129
85ab,1683033149955187,0.45594907,3.3189127,0.1798525,49,1139
85ab,1683033150955178,0.37724563,3.3281188,0.17428315,53,1149
85ab,1683033151955167,0.39934212,3.3294148,0.18437819,49,1159
85ab,1683033152955185,0.41205591,3.328506,0.1828384,49,1169
85ab,1683033153955650,0.41538078,3.3278911,0.18650797,49,1179
85ab,1683033154955189,0.44434416,3.3316121,0.1870826,48,1189
85ab,1683033155955213,0.45110357,3.3254504,0.18368372,49,1199
85ab,1683033156955188,0.44926137,3.3185141,0.18505125,49,1209
85ab,1683033157955193,0.459979,3.3110349,0.18453763,48,1219
85ab,1683033158955669,0.46273744,3.3182359,0.19391795,49,1229
85ab,1683033159955212,0.45879173,3.312938,0.18750682,49,1239
85ab,1683033160955234,0.45780936,3.315562,0.19148035,49,1249
85ab,1683033161955178,0.40815258,3.3270066,0.19087642,52,1259
85ab,1683033162955229,0.43130034,3.3262248,0.19325566,48,1269
85ab,1683033163955220,0.44498864,3.3235331,0.20452744,48,1279
85ab,1683033164955693,0.46017179,3.3196836,0.2028466,48,1289
85ab,1683033165955234,0.40626779,3.3362873,0.19744179,52,1299
85ab,1683033166955238,0.418958,3.3332398,0.20429507,49,1309
85ab,1683033167955238,0.447437,3.325315,0.19811392,48,1319
85ab,1683033168955254,0.46910924,3.3255754,0.18979892,48,1329
85ab,1683033169955729,0.47462958,3.32806,0.18507519,49,1339
85ab,1683033170955255,0.38759917,3.3351431,0.18707618,53,1349
85ab,1683033171955229,0.41239074,3.3193889,0.18167172,48,1359
85ab,1683033172955271,0.43964246,3.3183672,0.19136812,48,1369
85ab,1683033173955276,0.43129456,3.3170249,0.19090489,50,1379
85ab,1683033174955737,0.43898758,3.3140616,0.19786288,49,1389
85ab,1683033175955270,0.43783095,3.3225138,0.19514416,49,1399
85ab,1683033176955314,0.4442462,3.3290961,0.1989893,49,1409
85ab,1683033177955291,0.43991017,3.3206112,0.2024277,49,1419
85ab,1683033178955281,0.45003918,3.3275442,0.19774526,49,1429
85ab,1683033179955767,0.462292,3.3239088,0.18698215,49,1439
85ab,1683033180955292,0.46778524,3.3198888,0.18918321,48,9
85ab,1683033181955283,0.40798274,3.3279896,0.19706638,52,19
85ab,1683033182955318,0.4398233,3.3206277,0.19366503,48,29
85ab,1683033183955310,0.43683892,3.31717,0.19128443,49,39
85ab,1683033184955801,0.44511834,3.3174925,0.2035552,48,49
85ab,1683033185955323,0.47362703,3.3088081,0.19667397,47,59
85ab,1683033186955324,0.48969832,3.3162203,0.18346369,48,69
85ab,1683033187955324,0.46963993,3.3144455,0.17889297,50,79
85ab,1683033188955334,0.46325022,3.318274,0.18653123,49,89
85ab,1683033189955785,0.47746369,3.326072,0.19208106,48,99
85ab,1683033190955797,0.47835752,3.3110538,0.18711263,48,109
85ab,1683033191955334,0.47357091,3.313674,0.20106483,49,119
85ab,1683033192955366,0.47552747,3.3130715,0.20230994,48,129
85ab,1683033193955376,0.47747573,3.3186042,0.19252072,49,139
85ab,1683033194956078,0.46553305,3.3249061,0.18315493,50,149
85ab,1683033195955198,0.46017006,3.3236887,0.18714048,49,159
85ab,1683033196955182,0.4661938,3.316462,0.18587248,48,169
85ab,1683033197955157,0.47483125,3.3158784,0.18692005,48,179
85ab,1683033198955172,0.48842886,3.311758,0.19296788,48,189
85ab,1683033199955276,0.4873879,3.3140247,0.19711767,48,199
85ab,1683033200955259,0.51109129,3.3156469,0.18869878,47,209
85ab,1683033201955243,0.51004386,3.311795,0.17872883,48,219
85ab,1683033202955273,0.48011252,3.3045654,0.16999283,50,229
85ab,1683033203955264,0.46723121,3.305717,0.16736314,49,239
85ab,1683033204955275,0.45748144,3.3066907,0.16889858,49,249
85ab,1683033205955306,0.4694474,3.2965379,0.16852953,48,259
85ab,1683033206955284,0.46930507,3.3031542,0.17223994,49,269
85ab,1683033207955308,0.4918707,3.3109765,0.18342954,47,279
85ab,1683033208955291,0.48916277,3.3005536,0.18147463,48,289
85ab,1683033209955324,0.47637811,3.3121638,0.17412588,50,299
85ab,1683033210955322,0.4745031,3.3148737,0.17643721,49,309
85ab,1683033211955336,0.48847815,3.3179903,0.1822668,48,319
85ab,1683033212955311,0.50368762,3.3162723,0.1810824,48,329
85ab,1683033213955307,0.50902867,3.3214509,0.18820351,48,339
85ab,1683033214955349,0.50346285,3.3074751,0.18081948,48,349
85ab,1683033215955370,0.49885207,3.3089721,0.17923814,49,359
85ab,1683033216955331,0.48419318,3.3161182,0.20091774,49,369
85ab,1683033217955328,0.4625569,3.3154724,0.20323068,50,379
85ab,1683033218955468,0.46404392,3.3231199,0.20784274,49,389
85ab,1683033219955340,0.47303018,3.3170261,0.20615342,48,399
85ab,1683033220955363,0.4936533,3.3251233,0.20244193,48,409
85ab,1683033221955349,0.4773868,3.3170407,0.18744677,49,419
85ab,1683033222955334,0.49115869,3.3108308,0.18642564,48,429
85ab,1683033223955368,0.49447444,3.3187211,0.18634215,48,439
85ab,1683033224955396,0.48340514,3.3212984,0.18517016,49,449
85ab,1683033225955424,0.47735661,3.3229694,0.2013472,49,459
85ab,1683033226955419,0.38518512,3.3376102,0.20279205,53,469
85ab,1683033227955409,0.40053952,3.332468,0.20282497,49,479
85ab,1683033228955422,0.42075393,3.3263545,0.20276915,48,489
85ab,1683033229955414,0.43278494,3.3247032,0.19706105,49,499
85ab,1683033230955453,0.44547543,3.3231366,0.20641039,48,509
85ab,1683033231955400,0.37105623,3.3287406,0.18636289,53,519
85ab,1683033232955430,0.40151361,3.3184624,0.17850482,48,529
85ab,1683033233955428,0.4206188,3.3209991,0.17283492,49,539
85ab,1683033234955409,0.46282446,3.3212991,0.15754126,48,549
85ab,1683033235955404,0.48538649,3.317668,0.15300143,48,559
85ab,1683033236955447,0.48457494,3.3084762,0.15154311,49,569
85ab,1683033237957010,0.38408497,3.3170683,0.15882827,54,579
85ab,1683033238955418,0.42827976,3.3137589,0.15508573,48,589
85ab,1683033239955430,0.44266215,3.3199909,0.15977663,49,599
85ab,1683033240955469,0.4570871,3.3153784,0.16743641,48,609
85ab,1683033241955467,0.47840875,3.31401,0.16098242,48,619
85ab,1683033242955472,0.49212724,3.32216,0.1741721,48,629
85ab,1683033243955483,0.50664,3.3232665,0.17227691,48,639
85ab,1683033244955474,0.43120864,3.3293612,0.17290142,52,649
85ab,1683033245955482,0.43514511,3.3220992,0.17259803,49,659
85ab,1683033246955495,0.38700509,3.3333788,0.17485105,52,669
85ab,1683033247955515,0.40702972,3.3125782,0.17491868,48,679
85ab,1683033248955500,0.416206,3.3137381,0.18363397,49,689
85ab,1683033249955496,0.42380515,3.3104968,0.18416241,49,699
85ab,1683033250955534,0.45189521,3.3113661,0.18124172,48,709
85ab,1683033251955517,0.46248853,3.3066804,0.18788828,48,719
85ab,1683033252955519,0.47751084,3.3052423,0.18202044,48,729
85ab,1683033253955548,0.46996179,3.3128514,0.18535851,49,739
85ab,1683033254955527,0.47857675,3.30881,0.17356302,48,749
85ab,1683033255955391,0.48268247,3.3158953,0.18714304,48,759
85ab,1683033256955469,0.472491,3.3232481,0.19168636,49,769
85ab,1683033257955446,0.37143275,3.3319621,0.18634076,54,779
85ab,1683033258955462,0.32008371,3.3372724,0.18170469,53,789
85ab,1683033259955533,0.36059785,3.3321791,0.18245724,49,799
85ab,1683033260955490,0.39810693,3.3353763,0.17733021,49,809
85ab,1683033261955482,0.42161316,3.3253155,0.18045861,48,819
85ab,1683033262955551,0.4321776,3.3262417,0.17927402,49,829
85ab,1683033263955501,0.44931909,3.3305058,0.18974531,48,839
85ab,1683033264955588,0.4541156,3.3311648,0.19426376,49,849
85ab,1683033265955594,0.45198661,3.3263407,0.2053296,49,859
85ab,1683033266955574,0.37896222,3.3332105,0.20300974,53,869
85ab,1683033267955572,0.39973834,3.319684,0.20007271,49,879
85ab,1683033268955642,0.39945975,3.3226984,0.19717419,50,889
85ab,1683033269955750,0.38342994,3.3249192,0.19328296,51,899
85ab,1683033270955560,0.41026941,3.326041,0.18948366,49,909
85ab,1683033271955550,0.45869303,3.3287127,0.18442139,47,919
85ab,1683033272955557,0.45638806,3.3233106,0.18475969,49,929
85ab,1683033273955526,0.45511809,3.3146706,0.18873386,49,939
85ab,1683033274955654,0.47620839,3.3232994,0.18893236,48,949
85ab,1683033275955618,0.49163434,3.3270888,0.17765749,48,959
85ab,1683033276955579,0.48291472,3.3321786,0.17338276,49,969
85ab,1683033277955594,0.48147202,3.3225055,0.16661212,49,979
85ab,1683033278955592,0.49329641,3.3169007,0.15920569,48,989
85ab,1683033279955592,0.4810811,3.3192036,0.1673733,49,999
85ab,1683033280955642,0.47048205,3.3169546,0.17262241,49,1009
85ab,1683033281955587,0.48661295,3.3248112,0.16967644,48,1019
85ab,1683033282955603,0.48568913,3.3201647,0.16385728,49,1029
85ab,1683033283955617,0.40693837,3.3287051,0.1754085,53,1039
85ab,1683033284955614,0.37221637,3.335238,0.17538168,52,1049
85ab,1683033285955649,0.38811588,3.334698,0.1863768,49,1059
85ab,1683033286955665,0.41394013,3.3307152,0.20036143,48,1069
85ab,1683033287955610,0.35520306,3.3388908,0.198293,53,1079
85ab,1683033288955626,0.39500964,3.3410044,0.18138927,49,1089
85ab,1683033289955667,0.39030838,3.3208375,0.16530566,50,1099
85ab,1683033290955672,0.38177252,3.318038,0.16887632,50,1109
85ab,1683033291955628,0.38679302,3.3221371,0.16940306,50,1119
85ab,1683033292955688,0.41382679,3.3285086,0.16451019,49,1129
85ab,1683033293955866,0.43699506,3.3207371,0.1632351,48,1139
85ab,1683033294955656,0.44496581,3.3213036,0.16826913,49,1149
85ab,1683033295955712,0.44267797,3.3201997,0.17672539,49,1159
85ab,1683033296955839,0.37967813,3.3308792,0.17350987,53,1169
85ab,1683033297955678,0.40779155,3.3170316,0.17246987,48,1179
85ab,1683033298955705,0.42547682,3.3148234,0.1817092,48,1189
85ab,1683033299955652,0.45643663,3.319591,0.18669152,48,1199
85ab,1683033300955702,0.45632023,3.3177903,0.17775281,49,1209
85ab,1683033301955669,0.47010651,3.319351,0.18367516,48,1219
85ab,1683033302955694,0.39102644,3.3281224,0.19387171,53,1229
85ab,1683033303955700,0.4344399,3.3316174,0.18295838,48,1239
85ab,1683033304955703,0.4525553,3.3343678,0.18556884,48,1249
85ab,1683033305955729,0.44863638,3.3321214,0.18171492,49,1259
85ab,1683033306955718,0.45351288,3.3243613,0.18316261,49,1269
85ab,1683033307955867,0.4506138,3.3295975,0.18870105,49,1279
85ab,1683033308955718,0.47767794,3.3262632,0.175585,48,1289
85ab,1683033309955727,0.48240042,3.3269672,0.17282368,49,1299
85ab,1683033310955758,0.40355474,3.3415456,0.17842869,53,1309
85ab,1683033311955722,0.32451537,3.3466446,0.180589,54,1319
85ab,1683033312956251,0.35386568,3.3422625,0.18245742,49,1329
85ab,1683033313955793,0.39861774,3.3337142,0.18345068,48,1339
85ab,1683033314955900,0.41637605,3.3365228,0.18241546,49,1349
85ab,1683033315955669,0.35213837,3.3395054,0.19472121,53,1359
85ab,1683033316955779,0.38257536,3.3191166,0.17848624,49,1369
85ab,1683033317955714,0.33481354,3.3268304,0.17140116,53,1379
85ab,1683033318955864,0.3676098,3.3267279,0.17695762,49,1389
85ab,1683033319955765,0.41057718,3.3307211,0.17837372,48,1399
85ab,1683033320955752,0.42380586,3.3271449,0.1777935,49,1409
85ab,1683033321955802,0.44189492,3.3301647,0.18057419,49,1419
85ab,1683033322955836,0.46064398,3.3328826,0.16820197,49,1429
85ab,1683033323955790,0.47096848,3.3262296,0.16143592,49,1439
85ab,1683033324955822,0.4780919,3.329344,0.16309509,49,9
85ab,1683033325955831,0.38241807,3.337647,0.17431693,54,19
85ab,1683033326955834,0.40725461,3.3235848,0.17102836,48,29
85ab,1683033327955819,0.42347807,3.3281713,0.17405453,49,39
85ab,1683033328955844,0.43929991,3.3328507,0.19171084,48,49
85ab,1683033329955838,0.37479421,3.341387,0.19620062,52,59
85ab,1683033330955832,0.39768931,3.3351004,0.18946415,49,69
85ab,1683033331955887,0.35893723,3.3416014,0.18929994,52,79
85ab,1683033332955831,0.39964858,3.3300307,0.18839405,48,89
85ab,1683033333955850,0.35446537,3.3397281,0.17347917,52,99
85ab,1683033334955888,0.38360223,3.3381407,0.18389098,49,109
85ab,1683033335955867,0.40823674,3.3352683,0.18667734,49,119
85ab,1683033336955895,0.43970904,3.3354828,0.18379775,48,129
85ab,1683033337955905,0.44926536,3.3370197,0.18023394,49,139
85ab,1683033338955869,0.45210215,3.332726,0.18174934,49,149
85ab,1683033339955879,0.47640562,3.3256903,0.17898096,48,159
85ab,1683033340955929,0.48764765,3.3313606,0.17585079,48,169
85ab,1683033341955916,0.50634682,3.3329008,0.18531196,47,179
85ab,1683033342955907,0.4771027,3.3215804,0.18630122,50,189
85ab,1683033343955933,0.47423491,3.3172042,0.18564247,49,199
85ab,1683033344955888,0.47371328,3.3127806,0.17389776,49,209
85ab,1683033345955901,0.47922626,3.317868,0.17945263,48,219
85ab,1683033346955955,0.48965526,3.3207068,0.17456059,48,229
85ab,1683033347955932,0.48912007,3.248095,0.10795891,67,239
85ab,1683033348955910,0.46840277,3.2643209,0.12834798,50,249
85ab,1683033349955964,0.47327769,3.2854922,0.14765905,49,259
85ab,1683033350955927,0.45859259,3.2923431,0.15649799,49,269
85ab,1683033351955922,0.45011544,3.2977376,0.17037116,49,279
85ab,1683033352956002,0.45999491,3.3043387,0.18115732,48,289
85ab,1683033353955958,0.38355705,3.3182144,0.18309796,53,299
85ab,1683033354955937,0.41790336,3.3135962,0.16962287,48,309
85ab,1683033355955957,0.4257085,3.3185644,0.18409294,49,319
85ab,1683033356956190,0.45260206,3.3199041,0.18545423,48,329
85ab,1683033357955948,0.45667106,3.3133297,0.17724107,49,339
85ab,1683033358955999,0.39177033,3.32251,0.17046364,53,349
85ab,1683033359955973,0.42076117,3.3175356,0.15892486,49,359
85ab,1683033360955962,0.36261249,3.3272972,0.16020022,53,369
85ab,1683033361956016,0.3921673,3.3267679,0.15656202,49,379
85ab,1683033362955982,0.41888806,3.3282192,0.16123328,49,389
85ab,1683033363956013,0.43191925,3.3230176,0.16781323,49,399
85ab,1683033364956011,0.38258585,3.332468,0.17127609,52,409
85ab,1683033365956011,0.31446949,3.3375404,0.17421265,54,419
85ab,1683033366955981,0.34115198,3.3213441,0.18127888,49,429
85ab,1683033367956012,0.36904168,3.314352,0.17377907,49,439
85ab,1683033368956082,0.40196717,3.3093989,0.1727111,48,449
85ab,1683033369956026,0.42862332,3.3171432,0.18592483,48,459
85ab,1683033370956058,0.43918645,3.3197291,0.16950005,49,469
85ab,1683033371956028,0.45611522,3.3230183,0.17288867,48,479
85ab,1683033372956054,0.46334133,3.3230722,0.17586415,49,489
85ab,1683033373956189,0.46059266,3.3222892,0.1800687,49,499
85ab,1683033374956049,0.47393155,3.3138218,0.17780146,48,509
85ab,1683033375955943,0.47194833,3.3145332,0.17917883,49,519
85ab,1683033376955998,0.46489495,3.3062394,0.1774022,49,529
85ab,1683033377955974,0.4654595,3.3036003,0.16327283,49,539
85ab,1683033378956016,0.45804822,3.3133886,0.17989707,49,549
85ab,1683033379956060,0.46147636,3.2362976,0.10304588,67,559
85ab,1683033380956011,0.46673858,3.2620294,0.12596604,49,569
85ab,1683033381956006,0.45990348,3.2803638,0.14139865,49,579
85ab,1683033382956048,0.47557208,3.29284,0.15487719,48,589
85ab,1683033383956020,0.39935055,3.3082116,0.16867343,53,599
85ab,1683033384956062,0.4292416,3.3034036,0.17290345,48,609
85ab,1683033385956063,0.43492913,3.3076434,0.18137746,49,619
85ab,1683033386956020,0.47346273,3.3038034,0.17820427,47,629
85ab,1683033387956046,0.46615994,3.3078837,0.15800309,50,639
85ab,1683033388956073,0.47840902,3.3100386,0.15841934,48,649
85ab,1683033389956053,0.49336138,3.3087497,0.16470656,48,659
85ab,1683033390956108,0.4898369,3.3140767,0.17485635,49,669
85ab,1683033391957714,0.48334542,3.3088219,0.16568667,49,679
85ab,1683033392956073,0.48107436,3.3156321,0.17366824,49,689
85ab,1683033393956067,0.47874597,3.3158035,0.17267929,49,699
85ab,1683033394956175,0.47887534,3.3046618,0.16544759,49,709
85ab,1683033395956187,0.48434243,3.3110874,0.17591055,48,719
85ab,1683033396956086,0.49709305,3.3063157,0.17608649,48,729
85ab,1683033397956183,0.49085689,3.3152194,0.17784813,49,739
85ab,1683033398956098,0.4961082,3.3213742,0.18453415,48,749
85ab,1683033399956086,0.50941014,3.3245041,0.18881024,48,759
85ab,1683033400956253,0.50178105,3.3219421,0.19215418,48,769
85ab,1683033401956111,0.48672539,3.3214033,0.19207451,49,779
85ab,1683033402956114,0.47687268,3.3241618,0.19203724,49,789
85ab,1683033403956294,0.49231204,3.3192289,0.18640603,48,799
85ab,1683033404956183,0.50193751,3.3211544,0.1862182,48,809
85ab,1683033405956205,0.49376816,3.3215127,0.18199204,49,819
85ab,1683033406956530,0.51298946,3.3173563,0.17977136,47,829
85ab,1683033407956194,0.50868338,3.3156056,0.17784254,48,839
85ab,1683033408956196,0.51164216,3.3158491,0.17343333,48,849
85ab,1683033409958401,0.49628097,3.3142567,0.17035002,49,859
85ab,1683033410956290,0.47647944,3.3082702,0.1693379,49,869
85ab,1683033411956175,0.47217366,3.3132372,0.16381195,49,879
85ab,1683033412956310,0.41483662,3.3229175,0.17276634,52,889
85ab,1683033413956238,0.34693629,3.3305836,0.17865564,53,899
85ab,1683033414956391,0.39022824,3.32474,0.17498338,48,909
85ab,1683033415956319,0.41392612,3.3153725,0.16803904,49,919
85ab,1683033416956375,0.44614911,3.3228862,0.16734795,48,929
85ab,1683033417956839,0.37314871,3.3336532,0.17094162,53,939
85ab,1683033418956338,0.39996806,3.3275504,0.16385093,49,949
85ab,1683033419956381,0.40479681,3.3192458,0.17063591,49,959
85ab,1683033420956355,0.40930387,3.316818,0.17125702,49,969
85ab,1683033421956374,0.4319486,3.3254416,0.17038989,49,979
85ab,1683033422956925,0.3678731,3.3418617,0.16950481,53,989
85ab,1683033423956376,0.39549059,3.3417094,0.16600797,49,999
85ab,1683033424956382,0.40439585,3.3401437,0.17304072,49,1009
85ab,1683033425956405,0.43095544,3.3380911,0.16683993,49,1019
85ab,1683033426956411,0.43836969,3.3335297,0.17170385,49,1029
85ab,1683033427956893,0.44724885,3.3326426,0.17998542,49,1039
85ab,1683033428956420,0.45741224,3.3286188,0.17777406,49,1049
85ab,1683033429956410,0.38294813,3.3357668,0.18497553,53,1059
85ab,1683033430956432,0.41744667,3.3373861,0.18213718,48,1069
85ab,1683033431957478,0.42132166,3.336349,0.19316515,49,1079
85ab,1683033432956282,0.43806598,3.3361793,0.18929492,49,1089
85ab,1683033433956323,0.44415197,3.3299384,0.1948411,49,1099
85ab,1683033434956398,0.45355505,3.3210807,0.18983048,48,1109
85ab,1683033435956248,0.46132571,3.3241537,0.19468479,48,1119
85ab,1683033436956315,0.44683939,3.3246522,0.19855554,50,1129
85ab,1683033437956290,0.47801408,3.3268409,0.19289382,48,1139
85ab,1683033438956470,0.46999183,3.3181138,0.19558565,49,1149
85ab,1683033439956391,0.47633818,3.3170981,0.19407769,48,1159
85ab,1683033440956397,0.40623957,3.3278904,0.19093466,52,1169
85ab,1683033441956396,0.43378744,3.3229897,0.19291781,48,1179
85ab,1683033442956384,0.448562,3.3215053,0.19111243,48,1189
85ab,1683033443956460,0.45177323,3.2354898,0.12552573,67,1199
85ab,1683033444956463,0.45686704,3.2612891,0.13906667,49,1209
85ab,1683033445956406,0.38192907,3.2866597,0.14885783,53,1219
85ab,1683033446956542,0.42674908,3.2899582,0.16530693,47,1229
85ab,1683033447956431,0.36379614,3.3041363,0.16243833,53,1239
85ab,1683033448956466,0.40019274,3.3097584,0.16769692,48,1249
85ab,1683033449956503,0.41520664,3.314007,0.17759645,49,1259
85ab,1683033450956466,0.43309635,3.3002439,0.17117023,48,1269
85ab,1683033451956413,0.4542298,3.3027377,0.168404,48,1279
85ab,1683033452956470,0.50300348,3.3105321,0.16752256,47,1289
85ab,1683033453956492,0.4301686,3.3225553,0.1517804,53,1299
85ab,1683033454956469,0.44244233,3.3236208,0.16429862,49,1309
85ab,1683033455956505,0.38558817,3.3344216,0.16856799,52,1319
85ab,1683033456956488,0.32928851,3.3406289,0.16659817,53,1329
85ab,1683033457956484,0.37555191,3.3380604,0.17533684,48,1339
85ab,1683033458956507,0.37270647,3.3217533,0.18221787,50,1349
85ab,1683033459956494,0.32101506,3.3311474,0.17681822,53,1359
85ab,1683033460956547,0.36522883,3.3350282,0.19048183,48,1369
85ab,1683033461956460,0.38449252,3.3358848,0.1889375,49,1379
85ab,1683033462956507,0.40703094,3.336643,0.1884436,49,1389
85ab,1683033463956517,0.34593931,3.343195,0.18587165,53,1399
85ab,1683033464956522,0.3862828,3.3397045,0.18079494,48,1409
85ab,1683033465956535,0.39469919,3.3313925,0.17973033,49,1419
85ab,1683033466956549,0.33946249,3.3392966,0.17930634,53,1429
85ab,1683033467956526,0.36993867,3.3293116,0.16892107,49,1439
85ab,1683033468956560,0.39225677,3.3257523,0.18568587,49,9
85ab,1683033469956551,0.42566207,3.3251107,0.18116504,48,19
85ab,1683033470956534,0.43709198,3.3262682,0.18525739,49,29
85ab,1683033471956520,0.4515689,3.309401,0.17535213,48,39
85ab,1683033472956557,0.4616186,3.3010504,0.177364,48,49
85ab,1683033473956588,0.47624,3.3034074,0.17486976,48,59
85ab,1683033474956565,0.39089161,3.3189344,0.17491214,53,69
85ab,1683033475956572,0.42371246,3.3145478,0.17579883,48,79
85ab,1683033476956569,0.43697512,3.3094003,0.17192285,49,89
85ab,1683033477956584,0.45259687,3.3175347,0.17181963,49,99
85ab,1683033478956609,0.47215113,3.3125346,0.16757123,48,109
85ab,1683033479956590,0.46873304,3.3018751,0.1542014,49,119
85ab,1683033480956569,0.48178536,3.3078964,0.15476589,48,129
85ab,1683033481956553,0.4833146,3.3100593,0.15885942,49,139
85ab,1683033482956616,0.49446878,3.3191781,0.17243768,48,149
85ab,1683033483956643,0.501201,3.3214457,0.18790989,48,159
85ab,1683033484956618,0.41971853,3.3276618,0.17588989,53,169
85ab,1683033485956635,0.42509153,3.3209205,0.17825019,49,179
85ab,1683033486956636,0.43979388,3.3095975,0.17759703,48,189
85ab,1683033487956677,0.4487631,3.3084822,0.18640159,48,199
85ab,1683033488956680,0.35212779,3.3202736,0.19039764,54,209
85ab,1683033489956650,0.38131535,3.326628,0.19467802,49,219
85ab,1683033490956638,0.41023207,3.32714,0.18364085,49,229
85ab,1683033491957398,0.43721554,3.3243341,0.19810088,48,239
85ab,1683033492956604,0.4603225,3.3237972,0.18180074,48,249
85ab,1683033493956660,0.38866797,3.3343656,0.17996097,53,259
85ab,1683033494956821,0.42390263,3.3271363,0.18593697,48,269
85ab,1683033495956600,0.42840612,3.3186576,0.1770636,49,279
85ab,1683033496956602,0.44308844,3.3215868,0.18607485,48,289
85ab,1683033497956596,0.47067153,3.3128023,0.18778668,47,299
85ab,1683033498956661,0.47943398,3.3067384,0.18514881,48,309
85ab,1683033499956672,0.48620042,3.3035898,0.17786209,48,319
85ab,1683033500956717,0.48931229,3.3109348,0.18072683,48,329
85ab,1683033501956708,0.51398247,3.3148787,0.17477746,47,339
85ab,1683033502956706,0.43566522,3.3286998,0.18081227,52,349
85ab,1683033503956745,0.36659315,3.3343956,0.19261089,53,359
85ab,1683033504956752,0.38191631,3.3234129,0.18622251,49,369
85ab,1683033505956692,0.40903571,3.3176768,0.17999345,48,379
85ab,1683033506956732,0.41662636,3.3229098,0.18278062,49,389
85ab,1683033507956736,0.44157752,3.3233135,0.19111608,48,399
85ab,1683033508956695,0.448758,3.312227,0.18956259,48,409
85ab,1683033509956810,0.46886897,3.3123639,0.17633086,48,419
85ab,1683033510956774,0.46729314,3.3161659,0.16387701,49,429
85ab,1683033511956706,0.4683153,3.3227961,0.17574808,49,439
85ab,1683033512956760,0.48281261,3.3203354,0.16764669,48,449
85ab,1683033513956769,0.47340247,3.3264482,0.17182577,49,459
85ab,1683033514956759,0.48014233,3.3267195,0.18336737,48,469
85ab,1683033515956828,0.47992262,3.3243082,0.18540525,49,479
85ab,1683033516956805,0.48450547,3.3184345,0.18132059,48,489
85ab,1683033517956746,0.47058794,3.3080518,0.19291833,49,499
85ab,1683033518956810,0.47397918,3.313827,0.17762925,49,509
85ab,1683033519956820,0.47645959,3.3075516,0.18054689,48,519
85ab,1683033520956830,0.46073532,3.295346,0.17720915,49,529
85ab,1683033521956792,0.46700382,3.303741,0.17379451,49,539
85ab,1683033522956818,0.4507165,3.3007889,0.16202095,50,549
85ab,1683033523956795,0.4612588,3.3056681,0.16879928,48,559
85ab,1683033524956828,0.39255294,3.3204057,0.1527064,53,569
85ab,1683033525956860,0.39026052,3.3060839,0.14116161,50,579
85ab,1683033526956851,0.43258727,3.3034079,0.1497847,47,589
85ab,1683033527956836,0.43284947,3.3057933,0.15666908,49,599
85ab,1683033528956843,0.4508462,3.3140359,0.1596484,49,609
85ab,1683033529956828,0.45579755,3.3116784,0.16929042,49,619
85ab,1683033530956864,0.45043844,3.3166711,0.16941506,49,629
85ab,1683033531956837,0.46672279,3.321419,0.16861258,48,639
85ab,1683033532956840,0.47977078,3.3238738,0.18406491,48,649
85ab,1683033533956894,0.46743217,3.3253474,0.19192307,49,659
85ab,1683033534956852,0.39951211,3.3371403,0.18572795,52,669
85ab,1683033535956853,0.4279103,3.3342655,0.1764603,48,679
85ab,1683033536956930,0.44859129,3.3312304,0.16684371,49,689
85ab,1683033537956869,0.47982746,3.3180244,0.15992154,47,699
85ab,1683033538956871,0.4082405,3.3262422,0.16625826,53,709
85ab,1683033539956884,0.43590906,3.326683,0.18143113,48,719
85ab,1683033540956889,0.44799805,3.3203402,0.1833033,48,729
85ab,1683033541956852,0.46396407,3.3219719,0.18517266,48,739
85ab,1683033542956916,0.46818095,3.3284733,0.18128869,49,749
85ab,1683033543956890,0.46927205,3.3219397,0.16799413,49,759
85ab,1683033544956886,0.37513632,3.3320427,0.17624585,54,769
85ab,1683033545958402,0.39679149,3.3319414,0.17165282,49,779
85ab,1683033546956938,0.41615891,3.3321617,0.17728031,49,789
85ab,1683033547956990,0.43926713,3.3358274,0.19109103,48,799
85ab,1683033548956950,0.4509027,3.3292003,0.17908233,49,809
85ab,1683033549956922,0.45549202,3.3250997,0.17407428,49,819
85ab,1683033550956921,0.48500302,3.3265228,0.17903078,47,829
85ab,1683033551956964,0.4700911,3.3255928,0.18279152,49,839
85ab,1683033552956984,0.39876035,3.3312616,0.18962066,53,849
85ab,1683033553956951,0.41036326,3.3322096,0.18572561,49,859
85ab,1683033554957166,0.41925371,3.327014,0.19537614,49,869
85ab,1683033555956935,0.43310183,3.3226619,0.18555634,49,879
85ab,1683033556956944,0.43997949,3.3211441,0.18488255,49,889
85ab,1683033557956946,0.47275758,3.3234963,0.185296,47,899
85ab,1683033558957164,0.47554341,3.3213141,0.19317494,48,909
85ab,1683033559956970,0.47522286,3.3266196,0.19601251,49,919
85ab,1683033560957004,0.47724727,3.3263204,0.1852295,49,929
85ab,1683033561956951,0.46571335,3.3204637,0.17888568,49,939
85ab,1683033562956980,0.46847576,3.3268459,0.18798952,49,949
85ab,1683033563956995,0.46920228,3.3275697,0.19037576,49,959
85ab,1683033564957024,0.45410004,3.3256137,0.19368818,49,969
85ab,1683033565957048,0.45698291,3.3202293,0.19118269,49,979
85ab,1683033566957057,0.4588019,3.3206956,0.18209676,49,989
85ab,1683033567957028,0.37955302,3.3285162,0.16985886,53,999
85ab,1683033568956996,0.40707308,3.3233633,0.17646344,48,1009
85ab,1683033569957431,0.41029191,3.3264434,0.18421873,49,1019
85ab,1683033570957063,0.43774498,3.3216348,0.17915571,48,1029
85ab,1683033571956961,0.45317426,3.3201873,0.17039588,49,1039
85ab,1683033572957022,0.44811735,3.3096216,0.16976161,49,1049
85ab,1683033573957006,0.38769484,3.3217294,0.18066235,52,1059
85ab,1683033574957427,0.33412287,3.3328953,0.18263011,53,1069
85ab,1683033575956990,0.30548203,3.3371751,0.17101787,53,1079
85ab,1683033576957066,0.35790059,3.3270912,0.1630677,48,1089
85ab,1683033577957062,0.38169611,3.3242767,0.16258496,49,1099
85ab,1683033578957137,0.31837067,3.3363323,0.17452347,53,1109
85ab,1683033579957596,0.37386927,3.3246017,0.15592588,48,1119
85ab,1683033580957132,0.41619053,3.3124411,0.15880226,48,1129
85ab,1683033581957114,0.44301978,3.301116,0.16669351,48,1139
85ab,1683033582957134,0.46229088,3.3107774,0.17460565,48,1149
85ab,1683033583957168,0.46734944,3.2998815,0.16088092,49,1159
85ab,1683033584957609,0.47248769,3.304863,0.16430262,49,1169
85ab,1683033585957139,0.45449391,3.2897723,0.15619132,50,1179
85ab,1683033586957169,0.38298684,3.3087466,0.1572535,53,1189
85ab,1683033587957148,0.407056,3.3156924,0.17099577,49,1199
85ab,1683033588957176,0.43150109,3.3198328,0.16867717,49,1209
85ab,1683033589957487,0.36589196,3.326612,0.16848883,53,1219
85ab,1683033590957214,0.39289054,3.3152175,0.16473106,49,1229
85ab,1683033591957157,0.41943052,3.320369,0.1682198,49,1239
85ab,1683033592957177,0.43635675,3.3163726,0.17255278,48,1249
85ab,1683033593957217,0.44089508,3.3198588,0.1855325,49,1259
85ab,1683033594957503,0.45192623,3.3198891,0.18448797,49,1269
85ab,1683033595957080,0.45510826,3.3178797,0.1710275,49,1279
85ab,1683033596957184,0.48010224,3.3201773,0.17358093,48,1289
85ab,1683033597957158,0.49072114,3.3218882,0.17815174,48,1299
85ab,1683033598957224,0.50084943,3.3262987,0.17995276,48,1309
85ab,1683033599957706,0.48881477,3.3246036,0.17961489,49,1319
85ab,1683033600957219,0.49921188,3.3187709,0.17777672,48,1329
85ab,1683033601957186,0.48066276,3.3068242,0.17170313,49,1339
85ab,1683033602957210,0.41350007,3.3233845,0.174083,52,1349
85ab,1683033603957218,0.44694671,3.3282895,0.17819816,48,1359
85ab,1683033604957704,0.38704056,3.3362398,0.17550676,52,1369
85ab,1683033605957232,0.42565864,3.3388147,0.18351379,48,1379
85ab,1683033606957246,0.42327094,3.274806,0.1381413,67,1389
85ab,1683033607957247,0.44562361,3.2827103,0.13914895,48,1399
85ab,1683033608957283,0.45504782,3.2982714,0.14772683,49,1409
85ab,1683033609957498,0.45725361,3.3092046,0.15816684,49,1419
85ab,1683033610957124,0.454049,3.3142426,0.16745515,49,1429
85ab,1683033611957104,0.37560436,3.3248725,0.17555036,53,1439
85ab,1683033612957250,0.39461464,3.3262744,0.18949991,49,9
85ab,1683033613957258,0.41928014,3.3090577,0.16976932,49,19
85ab,1683033614958060,0.45161709,3.3197043,0.16700555,48,29
85ab,1683033615957236,0.4556596,3.3216488,0.18256158,49,39
85ab,1683033616957310,0.4779157,3.32886,0.16598172,48,49
85ab,1683033617957322,0.48022065,3.32437,0.17259061,48,59
85ab,1683033618957324,0.49904615,3.3200364,0.16610909,48,69
85ab,1683033619957335,0.50349003,3.3104391,0.16394231,48,79
85ab,1683033620957827,0.41552055,3.3227379,0.16843495,53,89
85ab,1683033621957290,0.43846875,3.3251758,0.16857529,48,99
85ab,1683033622957352,0.43942246,3.3244324,0.16821544,49,109
85ab,1683033623957342,0.44885284,3.3240519,0.1704206,49,119
85ab,1683033624957344,0.38574111,3.3307285,0.17236982,53,129
85ab,1683033625957896,0.40383154,3.3311942,0.1774756,49,139
85ab,1683033626957350,0.43796492,3.331435,0.16917315,48,149
85ab,1683033627957338,0.37292627,3.3450072,0.17920114,52,159
85ab,1683033628957352,0.41239819,3.3339589,0.17395991,48,169
85ab,1683033629957376,0.44529229,3.3282297,0.17470534,48,179
85ab,1683033630957917,0.46780545,3.3297467,0.18637823,48,189
85ab,1683033631957330,0.48191962,3.3220239,0.18889071,48,199
85ab,1683033632957389,0.48496094,3.3163576,0.1733235,49,209
85ab,1683033633957374,0.48796627,3.3226957,0.17105196,49,219
85ab,1683033634957393,0.39610821,3.3334723,0.17742248,53,229
85ab,1683033635957400,0.4203026,3.3326163,0.18293457,48,239
85ab,1683033636957896,0.340592,3.3362317,0.19012903,54,249
85ab,1683033637957366,0.30592835,3.3398831,0.18714966,52,259
85ab,1683033638957393,0.33164459,3.3283384,0.18440928,49,269
85ab,1683033639957384,0.38534263,3.3158858,0.17583534,48,279
85ab,1683033640957425,0.39867818,3.3152797,0.17982739,49,289
85ab,1683033641957998,0.43315557,3.3237925,0.18394338,48,299
85ab,1683033642957422,0.45355287,3.3179903,0.17710815,48,309
85ab,1683033643957396,0.46317005,3.3254344,0.17197715,49,319
85ab,1683033644957424,0.47256345,3.3258567,0.17994398,48,329
85ab,1683033645957467,0.46993926,3.3174334,0.18619993,49,339
85ab,1683033646957382,0.47888476,3.3093927,0.18310514,48,349
85ab,1683033647957402,0.48827133,3.3066716,0.18446918,48,359
85ab,1683033648957422,0.48180598,3.3102386,0.19381244,49,369
85ab,1683033649957458,0.49024844,3.3100591,0.18007362,48,379
85ab,1683033650957440,0.50071192,3.3147879,0.171802,48,389
85ab,1683033651957986,0.49770987,3.3207242,0.17061947,49,399
85ab,1683033652957502,0.47468495,3.3182,0.18154444,49,409
85ab,1683033653957522,0.47035819,3.3106141,0.17939156,49,419
85ab,1683033654957505,0.49081832,3.3147697,0.18153884,48,429
85ab,1683033655957516,0.48138443,3.3223493,0.18416668,49,439
85ab,1683033656957698,0.46944734,3.3175521,0.17989068,49,449
85ab,1683033657958019,0.47943112,3.3190067,0.1799266,48,459
85ab,1683033658957568,0.47050706,3.3153105,0.18394828,49,469
85ab,1683033659957563,0.47251344,3.3151555,0.1920431,48,479
85ab,1683033660957554,0.4797684,3.3187563,0.18880618,48,489
85ab,1683033661957548,0.47147697,3.3109927,0.18462381,49,499
85ab,1683033662958074,0.4856942,3.3059173,0.17365667,48,509
85ab,1683033663957560,0.40219775,3.3178196,0.17752147,53,519
85ab,1683033664957558,0.35885924,3.32711,0.18387495,52,529
85ab,1683033665957569,0.38967949,3.3302348,0.19011925,49,539
85ab,1683033666957568,0.41217023,3.3284652,0.18866654,49,549
85ab,1683033667957616,0.43537223,3.3203573,0.19457373,48,559
85ab,1683033668958099,0.44365543,3.3259773,0.20048235,49,569
85ab,1683033669957609,0.45514989,3.3255184,0.20374072,48,579
85ab,1683033670957614,0.478587,3.3154864,0.19385859,48,589
85ab,1683033671957588,0.48194566,3.3104475,0.17093101,49,599
85ab,1683033672957673,0.47849482,3.3113611,0.17851016,49,609
85ab,1683033673958114,0.4589209,3.3119686,0.18823709,49,619
85ab,1683033674957850,0.44799888,3.3184936,0.18676353,50,629
85ab,1683033675957579,0.46656549,3.3184104,0.167025,49,639
85ab,1683033676957604,0.47551396,3.3234413,0.16559704,49,649
85ab,1683033677957639,0.46783531,3.3240066,0.1686468,49,659
85ab,1683033678957646,0.48267236,3.3234901,0.15789884,48,669
85ab,1683033679958144,0.48762512,3.3132925,0.16623555,48,679
85ab,1683033680957707,0.479085,3.3211486,0.16916846,49,689
85ab,1683033681957658,0.4737477,3.306118,0.15983042,49,699
85ab,1683033682957824,0.46473157,3.2968869,0.16640873,49,709
85ab,1683033683957651,0.46990135,3.3001051,0.1640678,49,719
85ab,1683033684958189,0.48049298,3.3083193,0.16894653,48,729
85ab,1683033685957558,0.39487198,3.3187654,0.17319095,53,739
85ab,1683033686957599,0.411041,3.3038523,0.17079034,49,749
85ab,1683033687957546,0.42747152,3.2989173,0.16561551,49,759
85ab,1683033688957565,0.45001119,3.3001058,0.16253138,48,769
85ab,1683033689957522,0.47638908,3.31,0.1671354,48,779
85ab,1683033690957887,0.462454,3.3105259,0.16417889,50,789
85ab,1683033691957578,0.47264859,3.3171623,0.17852558,48,799
85ab,1683033692957508,0.4856497,3.312469,0.1794793,48,809
85ab,1683033693957561,0.49210361,3.3121078,0.18152717,48,819
85ab,1683033694957563,0.50178117,3.3206778,0.18774067,48,829
85ab,1683033695958170,0.49831149,3.32046,0.18444744,49,839
85ab,1683033696957700,0.49590954,3.3257911,0.18096259,49,849
85ab,1683033697957652,0.49246722,3.319489,0.17761952,49,859
85ab,1683033698957722,0.49597538,3.3213146,0.18077777,48,869
85ab,1683033699959224,0.49736485,3.3250003,0.18207827,48,879
85ab,1683033700958273,0.40538043,3.3328156,0.18304735,53,889
85ab,1683033701957783,0.42601091,3.3205554,0.17155372,49,899
85ab,1683033702957726,0.44489151,3.3203638,0.17086476,48,909
85ab,1683033703957674,0.45321372,3.304363,0.17034774,48,919
85ab,1683033704957746,0.46447378,3.3051095,0.17173797,48,929
85ab,1683033705958256,0.47540781,3.3075559,0.18180975,48,939
85ab,1683033706957756,0.47224611,3.3067329,0.18397766,49,949
85ab,1683033707957755,0.38910747,3.3201702,0.19412391,53,959
85ab,1683033708957754,0.3285293,3.3275504,0.18675484,53,969
85ab,1683033709957770,0.37746251,3.3228192,0.19175401,48,979
85ab,1683033710957767,0.39978671,3.3243289,0.18604606,49,989
85ab,1683033711958229,0.427907,3.3224163,0.18113796,48,999
85ab,1683033712957783,0.44951576,3.3219655,0.18365557,48,1009
85ab,1683033713957828,0.45776811,3.3090994,0.16851078,49,1019
85ab,1683033714957808,0.4610793,3.3111179,0.17584904,49,1029
85ab,1683033715957842,0.39603606,3.3228319,0.18522738,52,1039
85ab,1683033716958381,0.42427272,3.3206303,0.18487071,48,1049
85ab,1683033717957836,0.42526257,3.3219428,0.18631791,49,1059
85ab,1683033718957854,0.4229739,3.3111329,0.18844762,49,1069
85ab,1683033719957859,0.44292694,3.3187022,0.17901917,49,1079
85ab,1683033720957865,0.45240313,3.3145835,0.16472539,49,1089
85ab,1683033721957922,0.38881579,3.3291934,0.17060882,52,1099
85ab,1683033722958359,0.35376725,3.3355792,0.1734551,52,1109
85ab,1683033723957860,0.37913129,3.3267341,0.17141896,49,1119
85ab,1683033724957869,0.41983324,3.3218174,0.16661239,48,1129
85ab,1683033725957880,0.42598373,3.3163743,0.16607483,49,1139
85ab,1683033726957908,0.37415344,3.3280268,0.1620203,52,1149
85ab,1683033727957891,0.40786076,3.318805,0.16147979,48,1159
85ab,1683033728958367,0.45083711,3.3256869,0.1670156,47,1169
85ab,1683033729957905,0.47310722,3.3216765,0.15885049,48,1179
85ab,1683033730957901,0.4828974,3.3293574,0.1702162,48,1189
85ab,1683033731957886,0.49364254,3.3302572,0.17213881,48,1199
85ab,1683033732957916,0.48466584,3.3285091,0.17824464,49,1209
85ab,1683033733958464,0.47317061,3.3214886,0.17820658,49,1219
85ab,1683033734958136,0.49909592,3.3204086,0.17349908,47,1229
85ab,1683033735957887,0.48615059,3.3217928,0.17638484,49,1239
85ab,1683033736957934,0.4783285,3.3205802,0.18141639,49,1249
85ab,1683033737957939,0.48082113,3.3186476,0.17448722,49,1259
85ab,1683033738958463,0.49270234,3.3263352,0.18148969,48,1269
85ab,1683033739957932,0.48853323,3.3282146,0.1935619,48,1279
85ab,1683033740957956,0.48703122,3.3244629,0.18697929,49,1289
85ab,1683033741957933,0.48672575,3.3280189,0.18369681,49,1299
85ab,1683033742957994,0.47417319,3.3168364,0.17273799,49,1309
85ab,1683033743958444,0.47967041,3.3208106,0.17505985,49,1319
85ab,1683033744957992,0.48244974,3.3270147,0.18012464,49,1329
85ab,1683033745957982,0.47240821,3.3314946,0.1828932,49,1339
85ab,1683033746957982,0.48083264,3.3296099,0.18739821,48,1349
85ab,1683033747957971,0.48025763,3.3128088,0.18093953,48,1359
85ab,1683033748958488,0.48712665,3.3208852,0.1778803,49,1369
85ab,1683033749958082,0.49072829,3.3148839,0.16963641,48,1379
85ab,1683033750957980,0.48742986,3.3200419,0.17140694,49,1389
85ab,1683033751957977,0.49951008,3.3161862,0.17261775,48,1399
85ab,1683033752958025,0.4971348,3.3115542,0.17244354,48,1409
85ab,1683033753958000,0.48872408,3.3176429,0.17850499,49,1419
85ab,1683033754958502,0.47621429,3.3157842,0.18097118,49,1429
85ab,1683033755958024,0.48057976,3.3240175,0.18372166,49,1439
85ab,1683033756958021,0.48525223,3.3235931,0.20121293,48,9
85ab,1683033757958031,0.48043883,3.3103917,0.18481709,49,19
85ab,1683033758958032,0.47017869,3.3174458,0.18639836,49,29
85ab,1683033759958536,0.46966958,3.3157973,0.18925035,49,39
85ab,1683033760958098,0.46687192,3.3207085,0.18747504,49,49
85ab,1683033761958033,0.48524517,3.3227532,0.17581829,48,59
85ab,1683033762958032,0.40670508,3.3335323,0.17372267,53,69
85ab,1683033763958034,0.42859593,3.3322182,0.1917633,48,79
85ab,1683033764958490,0.42597723,3.3328304,0.18683763,50,89
85ab,1683033765958042,0.42438576,3.3230875,0.18435781,49,99
85ab,1683033766958063,0.42732942,3.322243,0.18612482,49,109
85ab,1683033767958058,0.39333719,3.3330629,0.1932175,51,119
85ab,1683033768958052,0.41760135,3.3224552,0.18268535,48,129
85ab,1683033769958532,0.42864028,3.3296242,0.18163529,49,139
85ab,1683033770958062,0.46058679,3.3327622,0.17530322,48,149
85ab,1683033771958058,0.47350705,3.3287413,0.17308082,48,159
85ab,1683033772958049,0.47700891,3.3209028,0.17097551,48,169
85ab,1683033773958241,0.48686445,3.3201871,0.18053386,48,179
85ab,1683033774958558,0.50464147,3.3226805,0.17988826,48,189
85ab,1683033775958070,0.48680282,3.3203564,0.18276598,49,199
85ab,1683033776958085,0.49852693,3.3211443,0.18094051,48,209
85ab,1683033777958103,0.49567908,3.3218322,0.18725435,48,219
85ab,1683033778958087,0.4897964,3.3244212,0.18364415,49,229
85ab,1683033779958569,0.47621685,3.3218348,0.19092917,49,239
85ab,1683033780958100,0.46666473,3.3118207,0.18962666,49,249
85ab,1683033781958116,0.47072798,3.3112407,0.17967157,49,259
85ab,1683033782958130,0.48153302,3.3120646,0.18436036,48,269
85ab,1683033783958089,0.47595254,3.3192585,0.20423019,49,279
85ab,1683033784958604,0.48956522,3.3237097,0.20570505,48,289
85ab,1683033785958115,0.49843687,3.3254092,0.20494083,48,299
85ab,1683033786958099,0.48063269,3.3177278,0.20335926,49,309
85ab,1683033787958150,0.48297676,3.3192275,0.20236464,48,319
85ab,1683033788958190,0.48401645,3.3130665,0.19559392,48,329
85ab,1683033789958971,0.48849782,3.3162739,0.18710062,49,339
85ab,1683033790958114,0.4728888,3.3193257,0.18352343,49,349
85ab,1683033791958104,0.46488416,3.3139691,0.18664101,49,359
85ab,1683033792958138,0.46991804,3.31791,0.18789935,49,369
85ab,1683033793958158,0.47637981,3.3160207,0.18393853,48,379
85ab,1683033794958806,0.48824474,3.3241637,0.1813933,48,389
85ab,1683033795958113,0.49363104,3.327117,0.180976,48,399
85ab,1683033796958141,0.50693762,3.3214173,0.1765735,48,409
85ab,1683033797958165,0.49939397,3.3218946,0.18020853,49,419
85ab,1683033798958185,0.4754726,3.3171613,0.17816485,50,429
85ab,1683033799958158,0.49158385,3.3250763,0.17748652,48,439
85ab,1683033800958650,0.42763114,3.3314583,0.17069028,52,449
85ab,1683033801958153,0.36978886,3.3385768,0.16987641,53,459
85ab,1683033802958168,0.40056306,3.3307507,0.17125888,48,469
85ab,1683033803958187,0.42560822,3.3290329,0.17854249,48,479
85ab,1683033804958398,0.36848518,3.3335214,0.17233577,53,489
85ab,1683033805958169,0.40154979,3.331111,0.17935017,48,499
85ab,1683033806958700,0.42169741,3.3144362,0.16707645,49,509
85ab,1683033807958182,0.45710081,3.3216355,0.17339769,48,519
85ab,1683033808958225,0.46729314,3.3181756,0.17754354,48,529
85ab,1683033809958242,0.47192219,3.3143213,0.16722144,49,539
85ab,1683033810958248,0.49055082,3.3184443,0.17665294,48,549
85ab,1683033811958179,0.47920612,3.3258393,0.17944264,49,559
85ab,1683033812958667,0.4549081,3.3233008,0.18068372,50,569
85ab,1683033813958203,0.45994109,3.3123612,0.16342179,49,579
85ab,1683033814958193,0.48105538,3.3200595,0.1718916,48,589
85ab,1683033815958256,0.46715158,3.3038921,0.18865232,49,599
85ab,1683033816958248,0.48718533,3.3104212,0.18567789,48,609
85ab,1683033817958698,0.48054212,3.3087022,0.18154927,49,619
85ab,1683033818958256,0.46476012,3.3105202,0.18106017,49,629
85ab,1683033819958235,0.46660718,3.3134947,0.17642725,49,639
85ab,1683033820958282,0.46115521,3.3108361,0.17078547,49,649
85ab,1683033821958260,0.46058208,3.3152623,0.16839819,49,659
85ab,1683033822958784,0.4822582,3.3173196,0.16876954,48,669
85ab,1683033823958264,0.47881991,3.3057604,0.16228506,49,679
85ab,1683033824958289,0.40340987,3.3168964,0.16453387,53,689
85ab,1683033825958288,0.42856142,3.3144171,0.16399603,48,699
85ab,1683033826958319,0.44579461,3.3096151,0.17058361,48,709
85ab,1683033827958270,0.47478938,3.3194022,0.16888486,48,719
85ab,1683033828958782,0.48065552,3.3212719,0.17579557,48,729
85ab,1683033829958289,0.38867259,3.3299596,0.1784445,54,739
85ab,1683033830958299,0.41812938,3.3299794,0.18225816,48,749
85ab,1683033831958291,0.43835965,3.3322523,0.18222593,49,759
85ab,1683033832958311,0.45002466,3.3251052,0.17772745,49,769
85ab,1683033833958806,0.4583486,3.3268154,0.17322688,49,779
85ab,1683033834958312,0.4690448,3.3324566,0.18340385,48,789
85ab,1683033835958319,0.45884165,3.315253,0.16904859,49,799
85ab,1683033836958357,0.4574019,3.3129461,0.16451178,49,809
85ab,1683033837958350,0.46017769,3.3196118,0.17706919,49,819
85ab,1683033838958794,0.47051659,3.3220985,0.17757574,48,829
85ab,1683033839958339,0.47037655,3.3171413,0.18894644,48,839
85ab,1683033840958335,0.45984045,3.3136268,0.18337733,49,849
85ab,1683033841958320,0.45248443,3.3103557,0.18366432,49,859
85ab,1683033842958385,0.47484812,3.3119881,0.1783596,48,869
85ab,1683033843958830,0.47326234,3.3188932,0.18745506,49,879
85ab,1683033844958372,0.48734841,3.3187811,0.19500923,48,889
85ab,1683033845958379,0.46074349,3.3028648,0.18259637,50,899
85ab,1683033846958371,0.46546826,3.2997682,0.17447916,49,909
85ab,1683033847958408,0.43860298,3.3044605,0.1697856,50,919
85ab,1683033848958864,0.47572014,3.3053303,0.16844259,47,929
85ab,1683033849958408,0.47113457,3.3082967,0.17727943,49,939
85ab,1683033850958395,0.47047719,3.3047423,0.1746126,49,949
85ab,1683033851958384,0.48946705,3.3096371,0.18046911,48,959
85ab,1683033852958421,0.4934366,3.3126161,0.19179253,48,969
85ab,1683033853960476,0.41356364,3.322161,0.19195409,53,979
85ab,1683033854958636,0.42917919,3.3226602,0.19881022,48,989
85ab,1683033855958381,0.4470703,3.3245864,0.20093253,48,999
85ab,1683033856958416,0.46512812,3.3253388,0.2038938,48,1009
85ab,1683033857958427,0.48053113,3.3311162,0.19467308,48,1019
85ab,1683033858958972,0.47931603,3.322181,0.19662797,48,1029
85ab,1683033859958451,0.48490036,3.3217139,0.16782272,49,1039
85ab,1683033860958431,0.388496,3.3285832,0.16908771,54,1049
85ab,1683033861958427,0.39987057,3.3270111,0.17020272,49,1059
85ab,1683033862958443,0.4326064,3.3253634,0.17234623,48,1069
85ab,1683033863958428,0.45366022,3.3217976,0.17631121,48,1079
85ab,1683033864959048,0.45853549,3.3143077,0.18017696,48,1089
85ab,1683033865958462,0.46390897,3.3204794,0.18199192,49,1099
85ab,1683033866958469,0.45787373,3.3175805,0.17306188,49,1109
85ab,1683033867958474,0.4537949,3.3213747,0.18120189,49,1119
85ab,1683033868958446,0.46727958,3.3256836,0.17635912,49,1129
85ab,1683033869958700,0.46946615,3.3171718,0.17851108,48,1139
85ab,1683033870958992,0.45933712,3.3166969,0.17195645,49,1149
85ab,1683033871958453,0.39636937,3.3252516,0.17352116,52,1159
85ab,1683033872958501,0.41459203,3.3286488,0.17676491,49,1169
85ab,1683033873958494,0.44241351,3.333781,0.18136306,48,1179
85ab,1683033874958493,0.45637363,3.3230822,0.17573047,48,1189
85ab,1683033875959037,0.48054835,3.3296106,0.17778799,48,1199
85ab,1683033876958530,0.48808593,3.3162107,0.17788033,48,1209
85ab,1683033877958498,0.46042955,3.3073924,0.1730272,50,1219
85ab,1683033878958524,0.46335927,3.3168371,0.17641553,49,1229
85ab,1683033879958513,0.47166139,3.3174505,0.17087956,49,1239
85ab,1683033880958542,0.46170646,3.3168619,0.16453305,50,1249
85ab,1683033881958984,0.46868816,3.3138084,0.17161012,48,1259
85ab,1683033882958548,0.48566303,3.3104639,0.16490926,48,1269
85ab,1683033883958532,0.47337615,3.3077726,0.16289279,49,1279
85ab,1683033884958544,0.46542174,3.3058884,0.16498765,49,1289
85ab,1683033885958574,0.47868457,3.3124781,0.16274931,48,1299
85ab,1683033886959026,0.47757873,3.3175642,0.17060268,49,1309
85ab,1683033887958590,0.47996792,3.3199573,0.18036453,48,1319
85ab,1683033888958556,0.45747453,3.3149009,0.178974,50,1329
85ab,1683033889958565,0.45475656,3.3138118,0.18324089,49,1339
85ab,1683033890958583,0.4683131,3.3219719,0.1920142,48,1349
85ab,1683033891959020,0.46961468,3.315136,0.1892904,49,1359
85ab,1683033892958583,0.45683309,3.3215473,0.18318875,50,1369
85ab,1683033893958580,0.4595716,3.3197947,0.19123819,49,1379
85ab,1683033894958584,0.40055656,3.330776,0.1879223,52,1389
85ab,1683033895958582,0.41879731,3.3217392,0.18622148,49,1399
85ab,1683033896959086,0.43463305,3.318084,0.18327327,49,1409
85ab,1683033897958602,0.44382024,3.30875,0.17401397,49,1419
85ab,1683033898958599,0.46629,3.2951596,0.15655655,48,1429
85ab,1683033899958610,0.4844802,3.299001,0.15799858,48,1439
85ab,1683033900958617,0.48149645,3.3063838,0.15733854,49,9
85ab,1683033901958584,0.45476684,3.2965086,0.17502984,49,19
85ab,1683033902959097,0.46079856,3.2968743,0.17752542,48,29
85ab,1683033903958615,0.4621926,3.3009,0.1746023,49,39
85ab,1683033904958596,0.46136013,3.3029084,0.16614157,49,49
85ab,1683033905958640,0.47408706,3.3104219,0.17050186,48,59
85ab,1683033906958638,0.47663155,3.3081443,0.17510635,48,69
85ab,1683033907959132,0.49357322,3.3054817,0.16864234,48,79
85ab,1683033908959062,0.49081123,3.3122962,0.17343922,49,89
85ab,1683033909958657,0.4774501,3.3049159,0.18356462,49,99
85ab,1683033910958660,0.477811,3.2974472,0.17795648,48,109
85ab,1683033911958658,0.46118295,3.3071988,0.16495778,50,119
85ab,1683033912959191,0.45332664,3.3025095,0.17347041,49,129
85ab,1683033913958697,0.37532473,3.3255806,0.18516111,53,139
85ab,1683033914958890,0.41502503,3.328217,0.18266058,48,149
85ab,1683033915958657,0.43170983,3.3238685,0.1849782,48,159
85ab,1683033916958685,0.43417197,3.3268995,0.19100317,49,169
85ab,1683033917958699,0.4362939,3.3215303,0.1772753,49,179
85ab,1683033918959240,0.46404207,3.3203883,0.17371337,48,189
85ab,1683033919958736,0.49335745,3.3287289,0.18684219,47,199
85ab,1683033920958699,0.49027783,3.3195949,0.1900156,48,209
85ab,1683033921958718,0.40626925,3.3296566,0.18974166,53,219
85ab,1683033922958721,0.35748467,3.3339934,0.17898585,53,229
85ab,1683033923959209,0.39277545,3.3312995,0.17898905,48,239
85ab,1683033924958756,0.41761455,3.322258,0.18170275,48,249
85ab,1683033925958745,0.3706736,3.3301783,0.17644732,52,259
85ab,1683033926958715,0.31151214,3.3339272,0.16221468,54,269
85ab,1683033927958758,0.34330535,3.3304353,0.1713316,49,279
85ab,1683033928958744,0.29675832,3.3340356,0.18200232,53,289
85ab,1683033929959255,0.34516722,3.3256438,0.17682829,48,299
85ab,1683033930958767,0.38013035,3.3274767,0.18140168,49,309
85ab,1683033931958738,0.40769622,3.3321073,0.18841304,48,319
85ab,1683033932958784,0.44002724,3.3306279,0.18084165,48,329
85ab,1683033933958774,0.45880949,3.3295441,0.17811753,48,339
85ab,1683033934959258,0.45647541,3.332041,0.18865246,49,349
85ab,1683033935958797,0.45562723,3.333683,0.18777774,49,359
85ab,1683033936958806,0.45966062,3.3317842,0.18583383,49,369
85ab,1683033937958773,0.47395086,3.3249824,0.18471098,48,379
85ab,1683033938958805,0.48291063,3.3309736,0.18691434,48,389
85ab,1683033939959304,0.46527979,3.3183382,0.20124035,49,399
85ab,1683033940958805,0.47333339,3.3190603,0.20540416,48,409
85ab,1683033941958794,0.47231504,3.3223822,0.198956,49,419
85ab,1683033942958815,0.49223837,3.3279407,0.18201219,48,429
85ab,1683033943958802,0.48856241,3.3298345,0.18068877,49,439
85ab,1683033944958822,0.50324345,3.3306913,0.18056563,48,449
85ab,1683033945959336,0.49653012,3.3321905,0.19019015,49,459
85ab,1683033946958850,0.48557526,3.3290224,0.18729293,49,469
85ab,1683033947958842,0.45888907,3.3193405,0.17913562,50,479
85ab,1683033948958864,0.46810809,3.3227878,0.18338104,48,489
85ab,1683033949958849,0.4677709,3.3136592,0.16870049,49,499
85ab,1683033950959322,0.49043244,3.3184991,0.16836041,48,509
85ab,1683033951958830,0.47433972,3.3209946,0.16946828,49,519
85ab,1683033952958855,0.46842015,3.306653,0.17747551,49,529
85ab,1683033953958892,0.45846194,3.308099,0.17382863,49,539
85ab,1683033954958886,0.4603461,3.3159189,0.18223035,49,549
85ab,1683033955959332,0.38464877,3.3252537,0.18040711,53,559
85ab,1683033956958889,0.40705189,3.3287656,0.18557216,49,569
85ab,1683033957958904,0.3428345,3.3384166,0.20056883,53,579
85ab,1683033958958875,0.38910869,3.3380198,0.20112118,48,589
85ab,1683033959958880,0.41352287,3.324827,0.19561279,48,599
85ab,1683033960959374,0.42870745,3.3235767,0.19180962,49,609
85ab,1683033961958863,0.38176337,3.3304415,0.18495381,52,619
85ab,1683033962958909,0.40695381,3.3244991,0.17881441,49,629
85ab,1683033963958904,0.42843679,3.3169215,0.17454593,48,639
85ab,1683033964958902,0.43621463,3.3155406,0.18549263,49,649
85ab,1683033965959376,0.45378593,3.315913,0.18410368,48,659
85ab,1683033966959142,0.46140569,3.3098128,0.18273987,48,669
85ab,1683033967958950,0.47124016,3.3084466,0.18199679,48,679
85ab,1683033968958947,0.47368988,3.314111,0.19674736,48,689
85ab,1683033969958931,0.402321,3.3239634,0.18946469,53,699
85ab,1683033970959436,0.42237207,3.330205,0.1933738,49,709
85ab,1683033971958906,0.43184114,3.3269086,0.19426854,49,719
85ab,1683033972958964,0.4398486,3.3249941,0.1870603,49,729
85ab,1683033973958981,0.4333562,3.3115821,0.18198206,49,739
85ab,1683033974959166,0.444833,3.3194344,0.19127533,49,749
85ab,1683033975959453,0.44968948,3.3209152,0.18302108,49,759
85ab,1683033976958966,0.45940709,3.3139429,0.1926358,48,769
85ab,1683033977958971,0.47767392,3.309325,0.1911739,48,779
85ab,1683033978959035,0.51071995,3.2978613,0.18206081,47,789
85ab,1683033979958988,0.48612681,3.3055184,0.1812664,50,799
85ab,1683033980959483,0.47940916,3.3144317,0.17618117,49,809
85ab,1683033981959012,0.48608336,3.3151882,0.18064116,48,819
85ab,1683033982958979,0.49407449,3.3121958,0.17030592,48,829
85ab,1683033983959007,0.50966245,3.3205051,0.16766489,48,839
85ab,1683033984959046,0.50442272,3.3266366,0.16923578,49,849
85ab,1683033985959502,0.48140392,3.3279116,0.17250656,50,859
85ab,1683033986959045,0.49097753,3.3293519,0.18076804,48,869
85ab,1683033987959064,0.48177484,3.3232212,0.18832426,49,879
85ab,1683033988959019,0.49642238,3.3270876,0.1790213,48,889
85ab,1683033989959042,0.50863451,3.3276575,0.17311914,48,899
85ab,1683033990959603,0.50273085,3.325738,0.17517795,49,909
85ab,1683033991959012,0.52659118,3.3309994,0.17962922,47,919
85ab,1683033992959035,0.517741,3.3329406,0.17830724,49,929
85ab,1683033993959080,0.43104112,3.3434758,0.17290328,53,939
85ab,1683033994959058,0.44876635,3.339081,0.17008264,49,949
85ab,1683033995959086,0.47184855,3.3369951,0.17865176,48,959
85ab,1683033996959630,0.4846338,3.333585,0.17757608,48,969
85ab,1683033997959076,0.48348269,3.3357475,0.18090354,49,979
85ab,1683033998959080,0.44748688,3.3292661,0.18228821,50,989
85ab,1683033999959111,0.36896196,3.3334229,0.17358294,54,999
85ab,1683034000959088,0.32517135,3.3377028,0.1729846,53,1009
85ab,1683034001959078,0.36978361,3.3317642,0.17555819,48,1019
85ab,1683034002959620,0.40354681,3.3359497,0.17639676,49,1029
85ab,1683034003959094,0.42938548,3.3286607,0.17120643,48,1039
85ab,1683034004959120,0.4400762,3.3303554,0.17246717,49,1049
85ab,1683034005959142,0.37426198,3.336194,0.1747901,53,1059
85ab,1683034006959147,0.39333975,3.3277664,0.16616715,49,1069
85ab,1683034007961085,0.42937025,3.326452,0.15980519,48,1079
85ab,1683034008959143,0.43313646,3.3247426,0.16610377,49,1089
85ab,1683034009959121,0.45972219,3.3243494,0.16507679,48,1099
85ab,1683034010959207,0.46801308,3.3265843,0.17453858,48,1109
85ab,1683034011959121,0.46085936,3.3279691,0.17696762,49,1119
85ab,1683034012959609,0.46061784,3.3253388,0.18549596,49,1129
85ab,1683034013959160,0.47787422,3.3294525,0.17747414,48,1139
85ab,1683034014959166,0.48421377,3.3248718,0.18158823,48,1149
85ab,1683034015959169,0.49050596,3.3309822,0.18810318,48,1159
85ab,1683034016959185,0.49047795,3.3266215,0.18482327,48,1169
85ab,1683034017959657,0.48879153,3.3286693,0.1759038,49,1179
85ab,1683034018959170,0.49940223,3.3273175,0.17396767,48,1189
85ab,1683034019959177,0.50757724,3.3252773,0.16466251,48,1199
85ab,1683034020959199,0.49323228,3.3278384,0.17063098,49,1209
85ab,1683034021959151,0.48498631,3.3267567,0.1789342,49,1219
85ab,1683034022959685,0.49325171,3.3274143,0.17585714,48,1229
85ab,1683034023959202,0.48537803,3.3260229,0.16879772,49,1239
85ab,1683034024959206,0.49405956,3.3213193,0.16758995,48,1249
85ab,1683034025959202,0.49635279,3.3163269,0.17160042,48,1259
85ab,1683034026959214,0.47887176,3.3225167,0.171819,50,1269
85ab,1683034027959200,0.48290375,3.316438,0.175484,48,1279
85ab,1683034028959994,0.49004412,3.3077211,0.17084116,48,1289
85ab,1683034029959230,0.47901437,3.3013268,0.17647608,49,1299
85ab,1683034030959237,0.46920276,3.3121724,0.17834382,49,1309
85ab,1683034031959240,0.47771019,3.318397,0.18914929,48,1319
85ab,1683034032959270,0.49036914,3.3188407,0.18472952,48,1329
85ab,1683034033959267,0.48553005,3.320857,0.19059955,49,1339
85ab,1683034034959962,0.48243788,3.3241463,0.20211065,48,1349
85ab,1683034035959235,0.49278829,3.3286331,0.1933015,48,1359
85ab,1683034036959250,0.49199954,3.3275104,0.19835508,48,1369
85ab,1683034037959275,0.48092082,3.3237553,0.18809043,49,1379
85ab,1683034038959306,0.40492567,3.334223,0.17940448,53,1389
85ab,1683034039959278,0.41732177,3.33163,0.18894011,49,1399
85ab,1683034040959790,0.42985156,3.3185177,0.18963337,48,1409
85ab,1683034041959315,0.44282973,3.3206532,0.19451523,48,1419
85ab,1683034042959354,0.47089332,3.3157218,0.18434489,48,1429
85ab,1683034043959298,0.4641037,3.3144729,0.18898086,49,1439
85ab,1683034044959327,0.476354,3.3229644,0.18490393,48,9
85ab,1683034045959295,0.48441344,3.3208382,0.18815157,48,19
85ab,1683034046959806,0.48859346,3.3263586,0.19286382,48,29
85ab,1683034047959331,0.4738054,3.3178144,0.19879168,49,39
85ab,1683034048959334,0.47050717,3.3117926,0.18882637,49,49
85ab,1683034049959355,0.46884811,3.3079302,0.1770127,49,59
85ab,1683034050959366,0.48814231,3.2990606,0.17208774,48,69
85ab,1683034051959292,0.40760389,3.3133616,0.1701173,53,79
85ab,1683034052959838,0.42336583,3.3079114,0.17371331,49,89
85ab,1683034053959365,0.4335891,3.3155282,0.17327817,49,99
85ab,1683034054959357,0.42747292,3.3172889,0.17819718,50,109
85ab,1683034055959354,0.44248331,3.3106749,0.17310868,48,119
85ab,1683034056959409,0.45186982,3.3104267,0.1689731,49,129
85ab,1683034057959828,0.45621738,3.3126519,0.168202,49,139
85ab,1683034058959354,0.45866269,3.3128419,0.17112155,49,149
85ab,1683034059959393,0.46525195,3.3056269,0.16429427,49,159
85ab,1683034060959406,0.46832258,3.3122866,0.16654122,49,169
85ab,1683034061959356,0.39965588,3.3241463,0.16501078,53,179
85ab,1683034062959936,0.41291961,3.3278582,0.17357171,49,189
85ab,1683034063959394,0.44578925,3.3284364,0.17605256,48,199
85ab,1683034064959402,0.46283668,3.3324397,0.16734372,49,209
85ab,1683034065959432,0.46372119,3.3308325,0.17039345,49,219
85ab,1683034066959416,0.38518736,3.3378136,0.16450317,53,229
85ab,1683034067959876,0.42488417,3.3376248,0.17450355,48,239
85ab,1683034068959458,0.44404644,3.3339808,0.17393427,48,249
85ab,1683034069959410,0.38504624,3.3395724,0.16619389,53,259
85ab,1683034070959458,0.41148165,3.3410861,0.17347516,49,269
85ab,1683034071959447,0.41657165,3.3386674,0.17074963,50,279
85ab,1683034072959446,0.4418363,3.336448,0.17323168,48,289
85ab,1683034073959931,0.45325163,3.3398919,0.16281375,49,299
85ab,1683034074959519,0.44467962,3.330246,0.1751041,49,309
85ab,1683034075959429,0.44554251,3.3232903,0.19019298,49,319
85ab,1683034076959472,0.46098521,3.3215113,0.18061383,48,329
85ab,1683034077959483,0.44395584,3.321718,0.18343993,50,339
85ab,1683034078959456,0.46309653,3.3138726,0.1708208,48,349
85ab,1683034079959932,0.46175635,3.317842,0.1789802,49,359
85ab,1683034080959516,0.45931518,3.3249326,0.19286507,49,369
85ab,1683034081959447,0.45057678,3.3149748,0.19344738,49,379
85ab,1683034082959462,0.45837367,3.3074012,0.18622698,48,389
85ab,1683034083959530,0.45218927,3.3087881,0.18400079,49,399
85ab,1683034084959951,0.44295016,3.3087802,0.17588334,50,409
85ab,1683034085959521,0.44404125,3.3081839,0.17303377,49,419
85ab,1683034086959510,0.45789647,3.3117347,0.16751082,49,429
85ab,1683034087959502,0.45669302,3.3192637,0.17278308,49,439
85ab,1683034088959514,0.46305484,3.3137753,0.17063157,49,449
85ab,1683034089959997,0.46729845,3.3143861,0.1688236,49,459
85ab,1683034090959500,0.47875005,3.3147454,0.16122322,48,469
85ab,1683034091959480,0.4823817,3.3135829,0.16211453,49,479
85ab,1683034092959957,0.47882184,3.3120866,0.17017806,49,489
85ab,1683034093959548,0.39409244,3.324863,0.17932428,53,499
85ab,1683034094960238,0.41682425,3.3244555,0.18069087,49,509
85ab,1683034095959526,0.4146578,3.3186302,0.188328,49,519
85ab,1683034096959547,0.43565533,3.3140612,0.18000828,48,529
85ab,1683034097959550,0.37378311,3.3246915,0.17601278,53,539
85ab,1683034098959606,0.39495707,3.2700613,0.120943,67,549
85ab,1683034099959579,0.41987517,3.2853196,0.1494915,48,559
85ab,1683034100960052,0.3640894,3.3015907,0.15315787,53,569
85ab,1683034101959587,0.39422646,3.3038533,0.16115083,48,579
85ab,1683034102959564,0.4185701,3.3132982,0.16179737,49,589
85ab,1683034103959578,0.35743785,3.3211505,0.1712635,53,599
85ab,1683034104959629,0.38125607,3.3166635,0.16882172,49,609
85ab,1683034105960070,0.41998342,3.316807,0.17059375,48,619
85ab,1683034106959610,0.43042681,3.3229549,0.16998588,49,629
85ab,1683034107959622,0.45233208,3.3261905,0.17086336,48,639
85ab,1683034108959626,0.44972822,3.3293526,0.17774832,49,649
85ab,1683034109959714,0.47021213,3.3293586,0.17355849,48,659
85ab,1683034110960154,0.4765034,3.3271577,0.17927776,48,669
85ab,1683034111959580,0.48688954,3.3252676,0.17354587,48,679
85ab,1683034112959646,0.48848632,3.3271739,0.17736311,49,689
85ab,1683034113959653,0.50658077,3.32788,0.17582954,48,699
85ab,1683034114959638,0.49436951,3.3242884,0.1784337,49,709
85ab,1683034115960168,0.47603035,3.3235855,0.17171161,50,719
85ab,1683034116959677,0.48044181,3.3249996,0.17161056,49,729
85ab,1683034117959632,0.48912042,3.3269506,0.17291188,48,739
85ab,1683034118959656,0.49676493,3.3229425,0.17504342,48,749
85ab,1683034119959688,0.49288529,3.3242178,0.16505529,49,759
85ab,1683034120960163,0.48185986,3.3177254,0.17471156,49,769
85ab,1683034121959658,0.46502924,3.3213868,0.18194763,49,779
85ab,1683034122959706,0.46546572,3.3200006,0.200968,48,789
85ab,1683034123959663,0.50130069,3.3275447,0.20018111,47,799
85ab,1683034124959661,0.49507305,3.3225307,0.19714095,49,809
85ab,1683034125960224,0.50298983,3.327384,0.18788967,48,819
85ab,1683034126959687,0.49078405,3.3184903,0.19022894,49,829
85ab,1683034127959686,0.48593348,3.3204918,0.19119363,49,839
85ab,1683034128959771,0.4837361,3.3194675,0.18594001,49,849
85ab,1683034129959690,0.49190983,3.3215413,0.19435138,48,859
85ab,1683034130960172,0.50287,3.3123946,0.18470494,48,869
85ab,1683034131959768,0.50325793,3.3223224,0.18764299,48,879
85ab,1683034132959724,0.42198053,3.3328431,0.19938298,52,889
85ab,1683034133959724,0.39243889,3.3239045,0.19911657,51,899
85ab,1683034134959870,0.40021342,3.3241744,0.1898765,50,909
85ab,1683034135959719,0.42400438,3.3191986,0.1872225,48,919
85ab,1683034136960271,0.43397102,3.3118412,0.17411381,49,929
85ab,1683034137959919,0.43262509,3.314435,0.17387359,49,939
85ab,1683034138959912,0.43566862,3.3148093,0.17228392,49,949
85ab,1683034139959770,0.44706306,3.3189352,0.16383834,49,959
85ab,1683034140959896,0.45073655,3.3221109,0.16234718,49,969
85ab,1683034141959731,0.46911794,3.3219855,0.1769031,48,979
85ab,1683034142960302,0.47453541,3.3205819,0.1737694,49,989
85ab,1683034143959791,0.47096366,3.3148038,0.17442034,49,999
85ab,1683034144959776,0.46596223,3.3165264,0.16750313,49,1009
85ab,1683034145959775,0.38715979,3.3184807,0.1651917,53,1019
85ab,1683034146959752,0.43008745,3.323647,0.16393936,48,1029
85ab,1683034147960351,0.44300666,3.322067,0.17265736,48,1039
85ab,1683034148959808,0.47430661,3.3144257,0.16752455,47,1049
85ab,1683034149959789,0.49338555,3.3206251,0.16721728,48,1059
85ab,1683034150960276,0.49048024,3.3173602,0.17253721,48,1069
85ab,1683034151959793,0.48507968,3.3163283,0.17267294,49,1079
85ab,1683034152960343,0.49033624,3.3125358,0.17371945,48,1089
85ab,1683034153959828,0.46859729,3.3069911,0.17339581,50,1099
85ab,1683034154960064,0.46318662,3.3102093,0.17811044,49,1109
85ab,1683034155959758,0.4131878,3.3227093,0.16857728,52,1119
85ab,1683034156959834,0.43203083,3.3071189,0.17323479,48,1129
85ab,1683034157960393,0.38418418,3.3227019,0.16565098,52,1139
85ab,1683034158959853,0.40347993,3.3168654,0.15867953,49,1149
85ab,1683034159959854,0.44210309,3.3234382,0.16694629,48,1159
85ab,1683034160959848,0.4574824,3.3153446,0.16504498,48,1169
85ab,1683034161961540,0.4625954,3.3194757,0.16359591,49,1179
85ab,1683034162959868,0.49466994,3.3245075,0.16369201,47,1189
85ab,1683034163960400,0.48490083,3.3272803,0.17001157,49,1199
85ab,1683034164959923,0.40370908,3.3345921,0.17209411,53,1209
85ab,1683034165959912,0.42796773,3.3286619,0.1757274,48,1219
85ab,1683034166959918,0.46158686,3.3276339,0.18175882,47,1229
85ab,1683034167959911,0.48474863,3.3203695,0.18093748,47,1239
85ab,1683034168960418,0.480781,3.3185852,0.17897315,49,1249
85ab,1683034169959925,0.48669115,3.3204737,0.17645308,48,1259
85ab,1683034170959963,0.39902273,3.3268838,0.17094377,53,1269
85ab,1683034171959945,0.32866102,3.3374066,0.17822625,53,1279
85ab,1683034172959982,0.36578175,3.3345962,0.17878734,49,1289
85ab,1683034173960434,0.40436235,3.3342662,0.18194957,48,1299
85ab,1683034174959979,0.42534649,3.3297293,0.17574087,49,1309
85ab,1683034175959980,0.43470013,3.3233631,0.179426,49,1319
85ab,1683034176959988,0.43992347,3.3223588,0.17751721,49,1329
85ab,1683034177960138,0.38293362,3.3358016,0.17754593,52,1339
85ab,1683034178960460,0.41042164,3.3327403,0.1813034,48,1349
85ab,1683034179959966,0.43175751,3.3238728,0.17557557,48,1359
85ab,1683034180960021,0.43618643,3.3285937,0.18761338,49,1369
85ab,1683034181959993,0.45376477,3.3289549,0.18913482,48,1379
85ab,1683034182959996,0.39338669,3.336164,0.191658,52,1389
85ab,1683034183960492,0.41939121,3.3358254,0.17958903,49,1399
85ab,1683034184960037,0.45136505,3.332742,0.17716266,48,1409
85ab,1683034185960038,0.45574331,3.3303072,0.1787148,49,1419
85ab,1683034186960045,0.45049146,3.3280962,0.17041554,50,1429
85ab,1683034187960038,0.44332415,3.3172762,0.17480138,49,1439
85ab,1683034188960500,0.45168388,3.3244553,0.18492627,49,9
85ab,1683034189960058,0.40238252,3.3319583,0.18069847,52,19
85ab,1683034190960045,0.42061809,3.3261766,0.19313416,48,29
85ab,1683034191960022,0.43484721,3.3244405,0.18474405,49,39
85ab,1683034192960088,0.45069891,3.3144352,0.17656535,48,49
85ab,1683034193960554,0.48396036,3.3162274,0.18215993,47,59
85ab,1683034194960049,0.4681955,3.3079314,0.19335036,49,69
85ab,1683034195960072,0.45161024,3.3129311,0.18604492,50,79
85ab,1683034196960090,0.45539752,3.3169127,0.18176425,49,89
85ab,1683034197960069,0.46673405,3.31703,0.18469882,48,99
85ab,1683034198960081,0.47719848,3.3212514,0.19318025,48,109
85ab,1683034199960547,0.48576519,3.3251863,0.19870409,48,119
85ab,1683034200960070,0.4818365,3.3308456,0.19120237,49,129
85ab,1683034201960074,0.48138469,3.3247366,0.18169071,49,139
85ab,1683034202960105,0.4749369,3.3193061,0.17494492,49,149
85ab,1683034203960103,0.4775553,3.3185534,0.17217857,49,159
85ab,1683034204960108,0.47331962,3.3098855,0.16631685,49,169
85ab,1683034205960571,0.47768667,3.3074162,0.16156463,49,179
85ab,1683034206960113,0.48777696,3.316972,0.1671308,48,189
85ab,1683034207960124,0.46779621,3.3106973,0.17911527,49,199
85ab,1683034208960124,0.45828658,3.3043175,0.18323217,49,209
85ab,1683034209960176,0.47033989,3.3147953,0.19017139,48,219
85ab,1683034210960620,0.48144114,3.3169584,0.18776996,48,229
85ab,1683034211960130,0.46696511,3.3165174,0.17880467,50,239
85ab,1683034212960131,0.47219944,3.3124382,0.17261811,49,249
85ab,1683034213960164,0.48891228,3.3168523,0.175192,48,259
85ab,1683034214960367,0.49732867,3.3202064,0.1802222,48,269
85ab,1683034215960622,0.41867712,3.3277507,0.1779767,53,279
85ab,1683034216960147,0.43454289,3.3209589,0.1753801,49,289
85ab,1683034217960150,0.44072124,3.3219371,0.1674903,49,299
85ab,1683034218960192,0.45778662,3.3191442,0.17070994,48,309
85ab,1683034219960180,0.46354786,3.3198357,0.1635913,49,319
85ab,1683034220960668,0.46891582,3.3206851,0.16889112,49,329
85ab,1683034221960154,0.48060614,3.3137462,0.17914751,48,339
85ab,1683034222960182,0.487388,3.3224,0.17739674,49,349
85ab,1683034223960167,0.47187987,3.3233118,0.18242674,49,359
85ab,1683034224960212,0.49801525,3.3291965,0.18793544,47,369
85ab,1683034225960193,0.48587972,3.3220427,0.18568273,49,379
85ab,1683034226960708,0.5120154,3.3232703,0.18032861,47,389
85ab,1683034227960230,0.50142425,3.3238115,0.17492433,49,399
85ab,1683034228960231,0.40998468,3.3302417,0.17240959,53,409
85ab,1683034229960242,0.42936713,3.3252959,0.17389186,48,419
85ab,1683034230960242,0.43762782,3.3250155,0.18674496,49,429
85ab,1683034231960202,0.45589554,3.3193002,0.19145112,48,439
85ab,1683034232960713,0.463374,3.3233342,0.18619151,49,449
85ab,1683034233960227,0.40371251,3.3301122,0.17719476,52,459
85ab,1683034234960224,0.42591032,3.3277662,0.18370676,48,469
85ab,1683034235960261,0.43126139,3.327311,0.18404061,49,479
85ab,1683034236960264,0.44273204,3.3253968,0.18143187,49,489
85ab,1683034237960751,0.44054759,3.3278701,0.18289651,49,499
85ab,1683034238960277,0.43549329,3.3144796,0.19842036,49,509
85ab,1683034239960245,0.44581074,3.3118036,0.19144854,49,519
85ab,1683034240960296,0.455613,3.3162856,0.19150499,49,529
85ab,1683034241960268,0.45290956,3.3088269,0.17784822,49,539
85ab,1683034242960751,0.45528466,3.3069861,0.18367416,49,549
85ab,1683034243960293,0.466027,3.3070769,0.18173279,48,559
85ab,1683034244960307,0.459557,3.3115091,0.17363258,49,569
85ab,1683034245960293,0.45083874,3.3056016,0.17635652,49,579
85ab,1683034246960334,0.45704675,3.3022301,0.18203235,48,589
85ab,1683034247960780,0.47033694,3.3113828,0.17880157,48,599
85ab,1683034248960304,0.443314,3.3086035,0.18446742,50,609
85ab,1683034249960308,0.45724809,3.3145959,0.18216233,49,619
85ab,1683034250960332,0.46936637,3.3080835,0.18093054,48,629
85ab,1683034251960292,0.45668805,3.304882,0.19050913,49,639
85ab,1683034252960807,0.43954292,3.3098328,0.18460415,50,649
85ab,1683034253960326,0.44490358,3.3179133,0.18753137,49,659
85ab,1683034254960336,0.43478614,3.3116934,0.20324551,49,669
85ab,1683034255960344,0.4522987,3.3208966,0.19716224,49,679
85ab,1683034256960356,0.45572367,3.3173945,0.19112918,49,689
85ab,1683034257960336,0.45453224,3.3192861,0.18088804,49,699
85ab,1683034258960806,0.47494054,3.3179579,0.17878595,48,709
85ab,1683034259960342,0.4931367,3.3176022,0.17134501,48,719
85ab,1683034260960357,0.49595794,3.3246098,0.17589448,48,729
85ab,1683034261960508,0.49538749,3.3216889,0.17046879,49,739
85ab,1683034262960359,0.41292331,3.3282197,0.17865258,53,749
85ab,1683034263960362,0.44373384,3.3230243,0.17539726,48,759
85ab,1683034264960836,0.45756298,3.3262241,0.17621946,49,769
85ab,1683034265960402,0.47319826,3.3255491,0.17744109,48,779
85ab,1683034266960681,0.38604242,3.3307405,0.17525995,54,789
85ab,1683034267960379,0.3974,3.3293815,0.17388339,49,799
85ab,1683034268960392,0.40997115,3.3243411,0.16888379,49,809
85ab,1683034269960382,0.41547355,3.3114831,0.17747623,49,819
85ab,1683034270960897,0.42343381,3.3142862,0.17850879,49,829
85ab,1683034271960393,0.43191981,3.3101306,0.17967747,49,839
85ab,1683034272960414,0.46332419,3.3103511,0.17760833,48,849
85ab,1683034273960425,0.45501366,3.3096402,0.1845794,49,859
85ab,1683034274960653,0.47920403,3.3125169,0.1872309,48,869
85ab,1683034275960869,0.48953268,3.3167942,0.18390283,48,879
85ab,1683034276960442,0.50581312,3.3153942,0.18245855,48,889
85ab,1683034277960443,0.51000434,3.3117778,0.17794813,48,899
85ab,1683034278960443,0.50644451,3.3130524,0.17818896,48,909
85ab,1683034279960449,0.41982979,3.3217223,0.18446055,53,919
85ab,1683034280960934,0.4275156,3.3210034,0.17767876,49,929
85ab,1683034281960418,0.42402732,3.3160605,0.18615973,49,939
85ab,1683034282960470,0.44546798,3.3128777,0.17599298,48,949
85ab,1683034283960476,0.4513205,3.3096986,0.17184784,49,959
85ab,1683034284960480,0.45768112,3.317965,0.18184441,49,969
85ab,1683034285960970,0.42843464,3.317965,0.19879426,50,979
85ab,1683034286960481,0.43234625,3.3160448,0.19629142,49,989
85ab,1683034287960476,0.44120649,3.3205178,0.20626217,49,999
85ab,1683034288960498,0.4579573,3.3247728,0.21376941,48,1009
85ab,1683034289960523,0.4703365,3.3160291,0.2135139,48,1019
85ab,1683034290960984,0.4633233,3.309387,0.19340682,49,1029
85ab,1683034291960474,0.45302933,3.2998409,0.18512839,49,1039
85ab,1683034292960517,0.45656031,3.3029077,0.17330761,49,1049
85ab,1683034293960488,0.4629553,3.3112743,0.18132883,49,1059
85ab,1683034294960518,0.46568805,3.3183773,0.18979906,49,1069
85ab,1683034295961045,0.46585968,3.322721,0.18981558,49,1079
85ab,1683034296960536,0.46724021,3.319598,0.18658943,49,1089
85ab,1683034297960517,0.46423602,3.3220761,0.18898666,49,1099
85ab,1683034298960530,0.39115292,3.3297911,0.18016464,53,1109
85ab,1683034299960507,0.40692848,3.33415,0.17345735,49,1119
85ab,1683034300961296,0.43316188,3.3339524,0.17951269,48,1129
85ab,1683034301960541,0.44209093,3.3287725,0.17790455,49,1139
85ab,1683034302960550,0.44233555,3.3171678,0.18348417,49,1149
85ab,1683034303960550,0.44941458,3.3221264,0.1958078,49,1159
85ab,1683034304960554,0.4528414,3.3150952,0.18839617,49,1169
85ab,1683034305960551,0.39149758,3.3240504,0.18585095,52,1179
85ab,1683034306961019,0.41590276,3.3283894,0.17850837,49,1189
85ab,1683034307960566,0.43577141,3.3329036,0.18991083,48,1199
85ab,1683034308960564,0.38283765,3.337466,0.18700446,52,1209
85ab,1683034309960564,0.4027307,3.3276513,0.18968271,49,1219
85ab,1683034310960585,0.43001357,3.3323147,0.19514234,48,1229
85ab,1683034311961032,0.45267379,3.3127942,0.19223045,48,1239
85ab,1683034312960586,0.44496089,3.3017054,0.18690252,49,1249
85ab,1683034313960611,0.45066744,3.3016641,0.19057848,49,1259
85ab,1683034314960582,0.44632229,3.3013358,0.18735635,49,1269
85ab,1683034315962093,0.46136668,3.3101327,0.19066806,48,1279
85ab,1683034316961106,0.48119661,3.3072543,0.18900973,48,1289
85ab,1683034317960614,0.46660376,3.316746,0.19450286,49,1299
85ab,1683034318960638,0.47523618,3.3143506,0.18816231,48,1309
85ab,1683034319960619,0.48263621,3.3212664,0.18412785,49,1319
85ab,1683034320960630,0.48208371,3.3280356,0.18402037,49,1329
85ab,1683034321961067,0.49086815,3.322875,0.18069364,48,1339
85ab,1683034322960810,0.48070043,3.3227878,0.17921706,49,1349
85ab,1683034323960617,0.49035072,3.3215566,0.18501639,48,1359
85ab,1683034324960637,0.49180353,3.3243506,0.18426865,49,1369
85ab,1683034325960643,0.41267046,3.3298407,0.17315899,53,1379
85ab,1683034326961094,0.45360819,3.3243272,0.17065123,47,1389
85ab,1683034327961020,0.46074122,3.3175731,0.16903269,49,1399
85ab,1683034328960651,0.47300339,3.3189187,0.16827095,48,1409
85ab,1683034329960641,0.48467714,3.318548,0.17328027,48,1419
85ab,1683034330960662,0.47875422,3.3122249,0.166195,49,1429
85ab,1683034331960662,0.47017446,3.3124444,0.16918083,49,1439
85ab,1683034332961162,0.48021328,3.3132296,0.18527508,48,9
85ab,1683034333960682,0.46316025,3.31471,0.18462016,50,19
85ab,1683034334960891,0.45354119,3.3153229,0.19232535,49,29
85ab,1683034335960616,0.45424563,3.32101,0.18531595,49,39
85ab,1683034336960691,0.47009179,3.3248293,0.1858785,48,49
85ab,1683034337961194,0.47195247,3.3283129,0.18444869,49,59
85ab,1683034338960850,0.46930617,3.3210738,0.17277782,49,69
85ab,1683034339960720,0.46245876,3.3230844,0.17659903,49,79
85ab,1683034340960713,0.46800351,3.3264651,0.18562642,48,89
85ab,1683034341960688,0.49417108,3.3204341,0.18699449,47,99
85ab,1683034342961249,0.48578143,3.3243423,0.19112699,49,109
85ab,1683034343960720,0.49960986,3.3226919,0.19098526,48,119
85ab,1683034344960766,0.50550568,3.3287475,0.1708888,49,129
85ab,1683034345960734,0.49428236,3.3265219,0.17474049,49,139
85ab,1683034346960766,0.50187504,3.3211212,0.17835537,48,149
85ab,1683034347960741,0.50159216,3.3128371,0.17443807,48,159
85ab,1683034348961232,0.50611871,3.307451,0.17105843,48,169
85ab,1683034349960762,0.49787939,3.3051784,0.17795236,48,179
85ab,1683034350960782,0.51229024,3.299057,0.16334282,48,189
85ab,1683034351960736,0.5062924,3.30577,0.16435267,49,199
85ab,1683034352960778,0.52043748,3.3079162,0.16712436,48,209
85ab,1683034353960772,0.51374716,3.3099861,0.16474514,49,219
85ab,1683034354961266,0.52419108,3.3157842,0.16707385,48,229
85ab,1683034355960803,0.51430273,3.3201814,0.17761733,48,239
85ab,1683034356960795,0.50738591,3.3229835,0.16795819,49,249
85ab,1683034357960791,0.509947,3.3214264,0.16770549,48,259
85ab,1683034358960810,0.4652074,3.3158205,0.16418067,51,269
85ab,1683034359961270,0.46227172,3.3157165,0.15991956,49,279
85ab,1683034360960844,0.46464399,3.3231733,0.17011102,49,289
85ab,1683034361960788,0.38380277,3.3290184,0.16966943,53,299
85ab,1683034362960819,0.32849354,3.3345115,0.1789263,53,309
85ab,1683034363960843,0.37341097,3.328892,0.16433543,49,319
85ab,1683034364961349,0.32279354,3.3404396,0.16242443,53,329
85ab,1683034365960997,0.36263022,3.3386135,0.17230241,49,339
85ab,1683034366960838,0.30697283,3.3432362,0.18272533,53,349
85ab,1683034367960829,0.27875015,3.3457403,0.17543422,53,359
85ab,1683034368960845,0.3373597,3.332468,0.1822214,48,369
85ab,1683034369960877,0.3864446,3.3326683,0.18311237,48,379
85ab,1683034370961332,0.42008883,3.3364873,0.20471886,48,389
85ab,1683034371960824,0.3550761,3.3430274,0.19632776,53,399
85ab,1683034372960882,0.32293981,3.3466394,0.19178267,52,409
85ab,1683034373960886,0.37193203,3.2689085,0.1085835,67,419
85ab,1683034374960881,0.29842937,3.2969916,0.13526137,54,429
85ab,1683034375961346,0.34068227,3.2990558,0.15624429,48,439
85ab,1683034376960889,0.3703987,3.299706,0.1691812,49,449
85ab,1683034377960882,0.39025685,3.3022597,0.17066963,49,459
85ab,1683034378960878,0.40389246,3.3040452,0.1681722,49,469
85ab,1683034379960899,0.43490216,3.3089957,0.17337275,48,479
85ab,1683034380961342,0.45145997,3.3101702,0.17402694,48,489
85ab,1683034381960872,0.4772073,3.319653,0.16599028,48,499
85ab,1683034382960916,0.47397017,3.3243346,0.16748589,49,509
85ab,1683034383960918,0.47860357,3.3250544,0.17815156,48,519
85ab,1683034384960922,0.48846465,3.3285775,0.17784776,48,529
85ab,1683034385961755,0.48015434,3.3304305,0.18415593,49,539
85ab,1683034386960932,0.50128579,3.3357911,0.17824803,48,549
85ab,1683034387960950,0.5012477,3.3269989,0.17426282,48,559
85ab,1683034388960940,0.4883936,3.3186426,0.17021365,49,569
85ab,1683034389960932,0.42322469,3.3257923,0.16436195,52,579
85ab,1683034390961428,0.36026174,3.3312268,0.17052576,53,589
85ab,1683034391960948,0.40651405,3.3340201,0.17018056,48,599
85ab,1683034392960959,0.4213852,3.3239663,0.16747947,49,609
85ab,1683034393960958,0.3587831,3.3314693,0.17458902,53,619
85ab,1683034394961193,0.38352126,3.3229015,0.17322446,49,629
85ab,1683034395960913,0.41354606,3.3263462,0.18177007,48,639
85ab,1683034396961468,0.44358435,3.322372,0.17676665,48,649
85ab,1683034397960970,0.44649413,3.3225336,0.17989792,49,659
85ab,1683034398960993,0.45933813,3.3155844,0.17899226,48,669
85ab,1683034399960972,0.37871659,3.3298042,0.18501194,53,679
85ab,1683034400961080,0.40582132,3.3218167,0.18343428,48,689
85ab,1683034401960976,0.41736394,3.31739,0.18497604,49,699
85ab,1683034402961505,0.44443449,3.3256435,0.16904077,49,709
85ab,1683034403961000,0.46087775,3.3305674,0.1707783,48,719
85ab,1683034404961047,0.4624342,3.3145759,0.17611814,48,729
85ab,1683034405961020,0.4703469,3.3140552,0.16714102,49,739
85ab,1683034406961039,0.47483492,3.3071866,0.15698536,49,749
85ab,1683034407961013,0.49879521,3.3008723,0.17717415,47,759
85ab,1683034408961524,0.48978665,3.3057835,0.18480194,49,769
85ab,1683034409961239,0.48993847,3.3077226,0.18234734,48,779
85ab,1683034410961033,0.49634781,3.3122628,0.17574076,48,789
85ab,1683034411961029,0.41421685,3.3220532,0.18700598,53,799
85ab,1683034412961067,0.43101192,3.3258288,0.19868854,48,809
85ab,1683034413961529,0.45885235,3.3291965,0.1921252,48,819
85ab,1683034414961078,0.46198472,3.3333762,0.19780077,49,829
85ab,1683034415961075,0.4452627,3.3267274,0.19736536,50,839
85ab,1683034416961060,0.44273448,3.3212423,0.2021725,49,849
85ab,1683034417961086,0.4551768,3.320302,0.20157821,48,859
85ab,1683034418961587,0.45951891,3.3158112,0.18321128,49,869
85ab,1683034419961075,0.46858048,3.3144467,0.18042248,48,879
85ab,1683034420961129,0.47053286,3.3167706,0.18662378,49,889
85ab,1683034421961086,0.46168709,3.3178222,0.19843775,49,899
85ab,1683034422961102,0.45728558,3.3159378,0.19602405,49,909
85ab,1683034423961110,0.46484283,3.3161972,0.19331829,48,919
85ab,1683034424961597,0.46199828,3.3208916,0.1869027,49,929
85ab,1683034425961222,0.47951958,3.3113866,0.1869695,48,939
85ab,1683034426961136,0.48770666,3.3192139,0.18870974,48,949
85ab,1683034427961143,0.4939504,3.3258009,0.187355,48,959
85ab,1683034428961133,0.49997476,3.3209758,0.17619185,48,969
85ab,1683034429961602,0.43718794,3.3316274,0.17143561,52,979
85ab,1683034430961151,0.44188371,3.327635,0.16716377,49,989
85ab,1683034431961122,0.46082035,3.3289862,0.1714028,48,999
85ab,1683034432961143,0.45267329,3.3338706,0.1822616,49,1009
85ab,1683034433961166,0.45043868,3.3248291,0.18398465,49,1019
85ab,1683034434961153,0.46114817,3.3244071,0.18261211,49,1029
85ab,1683034435961646,0.46630219,3.3258798,0.19011374,48,1039
85ab,1683034436961204,0.47107929,3.3259287,0.18612525,49,1049
85ab,1683034437961182,0.44841892,3.3142719,0.1905061,50,1059
85ab,1683034438961177,0.46131143,3.3087592,0.1914344,48,1069
85ab,1683034439961182,0.46079764,3.3144195,0.18123865,49,1079
85ab,1683034440961640,0.47449219,3.3181014,0.17576537,48,1089
85ab,1683034441961230,0.46347323,3.3185897,0.18310863,49,1099
85ab,1683034442961196,0.46958053,3.3237677,0.1861354,49,1109
85ab,1683034443961180,0.47943106,3.3245842,0.18899342,48,1119
85ab,1683034444961206,0.46519378,3.3225584,0.19025846,49,1129
85ab,1683034445961700,0.48026046,3.3260679,0.19155368,48,1139
85ab,1683034446961217,0.47058496,3.3220572,0.18904938,49,1149
85ab,1683034447961231,0.47790942,3.3203974,0.17432669,49,1159
85ab,1683034448961228,0.47690362,3.3154724,0.17422062,49,1169
85ab,1683034449961213,0.48987013,3.3189893,0.17259622,48,1179
85ab,1683034450961748,0.48909396,3.3251603,0.18974523,48,1189
85ab,1683034451961210,0.4901396,3.325469,0.18779163,49,1199
85ab,1683034452961239,0.49341282,3.3153484,0.18248,48,1209
85ab,1683034453961262,0.49771819,3.3145835,0.16880614,49,1219
85ab,1683034454961470,0.5023964,3.3081126,0.17117721,48,1229
85ab,1683034455961208,0.49329695,3.3102515,0.17421064,49,1239
85ab,1683034456961742,0.48656636,3.3101163,0.1712618,49,1249
85ab,1683034457961264,0.49103019,3.3189955,0.17583206,48,1259
85ab,1683034458961292,0.48396289,3.312048,0.17607109,49,1269
85ab,1683034459961286,0.4790369,3.3112886,0.16735353,49,1279
85ab,1683034460961268,0.46941239,3.3088708,0.17890462,49,1289
85ab,1683034461961254,0.46783978,3.3149195,0.18601879,49,1299
85ab,1683034462961793,0.44998652,3.3140738,0.17619441,50,1309
85ab,1683034463961310,0.46493736,3.3195496,0.17707683,48,1319
85ab,1683034464961324,0.45669818,3.3119645,0.18791093,49,1329
85ab,1683034465961199,0.4640781,3.3169198,0.17917392,49,1339
85ab,1683034466961327,0.39716005,3.3253794,0.17893483,53,1349
85ab,1683034467961784,0.41538265,3.3211963,0.16612628,49,1359
85ab,1683034468961222,0.4240863,3.3247778,0.1717288,49,1369
85ab,1683034469963082,0.41931581,3.3198445,0.18774059,49,1379
85ab,1683034470961335,0.44894084,3.3170316,0.19108096,48,1389
85ab,1683034471961298,0.46395129,3.3170943,0.19011982,48,1399
85ab,1683034472961287,0.489403,3.3179972,0.18648669,48,1409
85ab,1683034473961180,0.4795101,3.3184206,0.18622062,49,1419
85ab,1683034474961323,0.40318328,3.3271897,0.18335101,53,1429
85ab,1683034475961388,0.41826043,3.3228655,0.17981443,49,1439
85ab,1683034476961348,0.43980074,3.3187821,0.17195611,48,9
85ab,1683034477961834,0.44414094,3.3168578,0.15624629,49,19
85ab,1683034478961362,0.46375018,3.3193986,0.16515076,48,29
85ab,1683034479961359,0.4625333,3.3192327,0.18728554,48,39
85ab,1683034480961285,0.44909832,3.3152978,0.18707615,49,49
85ab,1683034481961378,0.45726478,3.3158052,0.19000995,48,59
85ab,1683034482961386,0.46535692,3.3154562,0.1932977,48,69
85ab,1683034483961321,0.46643043,3.3244488,0.19152492,49,79
85ab,1683034484961400,0.4743863,3.3177218,0.18505658,48,89
85ab,1683034485961407,0.46537542,3.3053281,0.17830983,49,99
85ab,1683034486961314,0.45401865,3.3064251,0.17872228,49,109
85ab,1683034487961393,0.46331164,3.3104389,0.17333986,49,119
85ab,1683034488961880,0.47329184,3.3032553,0.17078979,48,129
85ab,1683034489961298,0.49045369,3.3099244,0.17213471,48,139
85ab,1683034490961438,0.48693776,3.3149986,0.18213551,49,149
85ab,1683034491961408,0.42760238,3.2468824,0.2418444,67,159
85ab,1683034492961334,0.43495896,3.253973,0.22471915,49,169
85ab,1683034493961916,0.44862753,3.270705,0.22105446,48,179
85ab,1683034494961444,0.42106697,3.2768726,0.19848628,51,189
85ab,1683034495961338,0.44098613,3.2821074,0.19209553,48,199
85ab,1683034496961463,0.44700462,3.2918966,0.17579743,49,209
85ab,1683034497961456,0.46187842,3.2998075,0.17855063,48,219
85ab,1683034498961366,0.46102852,3.3030167,0.17345177,49,229
85ab,1683034499961473,0.4618361,3.309417,0.1705091,49,239
85ab,1683034500961526,0.44523111,3.3127091,0.17766649,50,249
85ab,1683034501961450,0.44494361,3.3104739,0.17873152,49,259
85ab,1683034502961505,0.45217928,3.3153505,0.18525617,49,269
85ab,1683034503961936,0.45814094,3.3134971,0.18947311,48,279
85ab,1683034504961346,0.4655813,3.3150747,0.18574676,49,289
85ab,1683034505961477,0.4658758,3.3209584,0.18411729,49,299
85ab,1683034506961501,0.45033398,3.3156426,0.18024293,50,309
85ab,1683034507961434,0.4442659,3.3082163,0.16731256,49,319
85ab,1683034508962046,0.38564774,3.3182733,0.17623204,52,329
85ab,1683034509961533,0.40965334,3.3238862,0.1658697,49,339
85ab,1683034510961421,0.44785106,3.3183472,0.16834719,47,349
85ab,1683034511961511,0.44167894,3.3089068,0.18750384,49,359
85ab,1683034512961536,0.35102546,3.3273969,0.17593288,54,369
85ab,1683034513961441,0.37321112,3.3276658,0.17364079,49,379
85ab,1683034514962268,0.42134789,3.3283684,0.17670812,48,389
85ab,1683034515961500,0.43851316,3.3280189,0.18323873,48,399
85ab,1683034516961431,0.44961429,3.3250248,0.17658681,49,409
85ab,1683034517961580,0.46785519,3.3287666,0.18386039,48,419
85ab,1683034518961580,0.4665328,3.333365,0.17464428,49,429
85ab,1683034519961576,0.45535511,3.3269274,0.18397795,49,439
85ab,1683034520962060,0.45758104,3.3314133,0.18269674,49,449
85ab,1683034521961574,0.40737697,3.3418291,0.17541558,52,459
85ab,1683034522961564,0.42400432,3.3404851,0.18449815,49,469
85ab,1683034523961597,0.43853828,3.3345885,0.18455234,49,479
85ab,1683034524961624,0.42903188,3.3373556,0.1978851,50,489
85ab,1683034525962058,0.43072751,3.3370934,0.20412065,49,499
85ab,1683034526961640,0.46437657,3.3290229,0.19621241,47,509
85ab,1683034527961624,0.46434712,3.3166142,0.17484342,49,519
85ab,1683034528961521,0.46620056,3.3173549,0.17441715,49,529
85ab,1683034529961630,0.4699997,3.316644,0.18318614,48,539
85ab,1683034530962100,0.47437841,3.3134654,0.18026246,48,549
85ab,1683034531961462,0.462391,3.3163035,0.17403202,50,559
85ab,1683034532961560,0.3839207,3.32573,0.18311656,53,569
85ab,1683034533961630,0.41322389,3.3284092,0.1873579,48,579
85ab,1683034534961554,0.37141624,3.3357022,0.18334906,52,589
85ab,1683034535962174,0.38942146,3.3344698,0.17136171,50,599
85ab,1683034536961772,0.4072192,3.3267386,0.17081213,49,609
85ab,1683034537961572,0.44017711,3.3308237,0.17728828,48,619
85ab,1683034538961662,0.44313076,3.325773,0.18208346,49,629
85ab,1683034539961660,0.46711078,3.3203239,0.1754358,48,639
85ab,1683034540960926,0.47571641,3.3136418,0.16695349,48,649
85ab,1683034541961131,0.47472751,3.3069403,0.15997775,49,659
85ab,1683034542961687,0.48473182,3.3143163,0.16856936,48,669
85ab,1683034543961608,0.49316716,3.3179832,0.16457957,48,679
85ab,1683034544961709,0.46681795,3.319761,0.16867024,50,689
85ab,1683034545960892,0.47539681,3.3182442,0.17050005,48,699
85ab,1683034546961659,0.48503464,3.3116066,0.17147864,48,709
85ab,1683034547961730,0.48896191,3.3081579,0.17183982,48,719
85ab,1683034548961724,0.45814961,3.3050892,0.16963281,50,729
85ab,1683034549961645,0.46602052,3.3090422,0.1797397,48,739
85ab,1683034550961655,0.47407889,3.31269,0.18307512,48,749
85ab,1683034551961624,0.48074508,3.3187268,0.1908617,48,759
85ab,1683034552961725,0.47310814,3.3155975,0.18256818,49,769
85ab,1683034553961660,0.4787724,3.3126526,0.17823018,48,779
85ab,1683034554961660,0.48073816,3.317337,0.16841784,49,789
85ab,1683034555961734,0.49665317,3.3181028,0.16960868,48,799
85ab,1683034556961685,0.48199198,3.3147268,0.17963719,49,809
85ab,1683034557961652,0.48256025,3.3097408,0.18024501,48,819
85ab,1683034558961735,0.48486212,3.3135066,0.19394411,48,829
85ab,1683034559961682,0.48302254,3.3084679,0.20413105,48,839
85ab,1683034560961687,0.49261034,3.3094616,0.18530929,48,849
85ab,1683034561961724,0.48398346,3.3029954,0.17436379,49,859
85ab,1683034562961691,0.4711417,3.3114603,0.19175702,49,869
85ab,1683034563961708,0.49330693,3.3190074,0.17772621,48,879
85ab,1683034564961770,0.41747072,3.3316777,0.17950113,52,889
85ab,1683034565961690,0.40693757,3.3259737,0.17412446,50,899
85ab,1683034566961939,0.41517892,3.3144317,0.18504019,49,909
85ab,1683034567961784,0.35853165,3.3233511,0.17807154,53,919
85ab,1683034568962225,0.37633815,3.3203123,0.18932721,49,929
85ab,1683034569961725,0.3255696,3.3296289,0.19537044,53,939
85ab,1683034570961805,0.36811849,3.3231761,0.18783188,48,949
85ab,1683034571961702,0.42069489,3.3243887,0.19217521,47,959
85ab,1683034572961736,0.42771709,3.3154085,0.19247891,49,969
85ab,1683034573961828,0.44823527,3.3213625,0.19015132,48,979
85ab,1683034574961925,0.47310776,3.3242383,0.18414973,48,989
85ab,1683034575961696,0.44112647,3.3159266,0.18491179,50,999
85ab,1683034576961752,0.45571038,3.3240521,0.18328303,49,1009
85ab,1683034577961733,0.45649844,3.3251743,0.17777136,49,1019
85ab,1683034578961750,0.38659695,3.336056,0.17077109,53,1029
85ab,1683034579961759,0.40880835,3.3365791,0.16779332,49,1039
85ab,1683034580961779,0.42498615,3.3285389,0.17369451,49,1049
85ab,1683034581961748,0.45042464,3.3335161,0.17202359,48,1059
85ab,1683034582961860,0.46310183,3.3244736,0.16874181,48,1069
85ab,1683034583961804,0.39277965,3.3357081,0.17101236,53,1079
85ab,1683034584961842,0.41800377,3.3242693,0.16085695,49,1089
85ab,1683034585962366,0.42740119,3.3238528,0.16444743,49,1099
85ab,1683034586961805,0.43489537,3.3270431,0.17946969,49,1109
85ab,1683034587961814,0.44339105,3.3219581,0.17616192,49,1119
85ab,1683034588961882,0.45586243,3.3206248,0.17502992,49,1129
85ab,1683034589962005,0.47933251,3.3148608,0.16873081,48,1139
85ab,1683034590962328,0.46529344,3.3068583,0.15952803,49,1149
85ab,1683034591961874,0.47104481,3.3099902,0.15977935,49,1159
85ab,1683034592961848,0.45898989,3.3131316,0.16654304,49,1169
85ab,1683034593961838,0.454632,3.3164182,0.17458752,49,1179
85ab,1683034594961929,0.46098134,3.3163681,0.17179056,49,1189
85ab,1683034595961874,0.4696773,3.3229868,0.18046473,48,1199
85ab,1683034596961865,0.4827036,3.3168862,0.18262467,48,1209
85ab,1683034597961905,0.482659,3.3248971,0.18824379,49,1219
85ab,1683034598961882,0.48646179,3.3254952,0.19384691,48,1229
85ab,1683034599961870,0.39171174,3.3367786,0.18051518,54,1239
85ab,1683034600961950,0.42999151,3.3358405,0.17860441,48,1249
85ab,1683034601962364,0.436392,3.3333445,0.17861609,49,1259
85ab,1683034602961898,0.43092835,3.3314815,0.18315206,49,1269
85ab,1683034603961957,0.35053262,3.3370616,0.19373572,53,1279
85ab,1683034604961860,0.29607102,3.3409781,0.18739244,53,1289
85ab,1683034605961864,0.33585912,3.3373,0.18872766,49,1299
85ab,1683034606962000,0.29358757,3.3395677,0.17827341,53,1309
85ab,1683034607962476,0.33857056,3.3364632,0.18758488,49,1319
85ab,1683034608961970,0.38695353,3.3272066,0.16978087,48,1329
85ab,1683034609962018,0.39487839,3.3200362,0.1830083,49,1339
85ab,1683034610962048,0.43392748,3.325552,0.17618358,48,1349
85ab,1683034611961997,0.45020822,3.3248646,0.1733759,49,1359
85ab,1683034612962493,0.46356127,3.3147724,0.16816601,48,1369
85ab,1683034613962055,0.46327344,3.3195443,0.18505304,49,1379
85ab,1683034614962143,0.45884356,3.3241374,0.17964792,49,1389
85ab,1683034615961946,0.46279421,3.3122878,0.16527757,49,1399
85ab,1683034616962077,0.46628642,3.3085244,0.16488409,49,1409
85ab,1683034617962526,0.46737775,3.3140302,0.18012185,49,1419
85ab,1683034618961952,0.47054064,3.315393,0.17679694,49,1429
85ab,1683034619962076,0.47238907,3.3162472,0.16899191,49,1439
85ab,1683034620962061,0.45919463,3.3228161,0.18388952,49,9
85ab,1683034621961903,0.48400024,3.3171813,0.17121111,48,19
85ab,1683034622962507,0.47671574,3.319555,0.18012123,49,29
85ab,1683034623963640,0.47826624,3.3194933,0.17510316,49,39
85ab,1683034624961966,0.4058232,3.3286803,0.16882703,53,49
85ab,1683034625962087,0.4498044,3.3348584,0.1796339,47,59
85ab,1683034626962094,0.47047192,3.3282731,0.18485789,48,69
85ab,1683034627962020,0.46631241,3.3168318,0.18891183,49,79
85ab,1683034628962136,0.47594339,3.3198721,0.18125755,49,89
85ab,1683034629962112,0.46941537,3.3206396,0.18315795,49,99
85ab,1683034630962018,0.4816798,3.325984,0.17895062,48,109
85ab,1683034631962144,0.48644575,3.3262689,0.18517408,48,119
85ab,1683034632962140,0.48661819,3.3272953,0.19215772,48,129
85ab,1683034633962076,0.49241111,3.3327084,0.1924994,48,139
85ab,1683034634962376,0.48751137,3.3177087,0.1907101,48,149
85ab,1683034635962098,0.40226051,3.3303082,0.17882252,53,159
85ab,1683034636962048,0.41603985,3.3270302,0.18506438,49,169
85ab,1683034637962162,0.35209942,3.3321157,0.18608536,53,179
85ab,1683034638962912,0.38945788,3.3257658,0.17834441,48,189
85ab,1683034639962057,0.40671313,3.325747,0.176719,49,199
85ab,1683034640962180,0.33691213,3.3308539,0.17294474,54,209
85ab,1683034641962150,0.3639771,3.3278327,0.16893671,49,219
85ab,1683034642962081,0.39386952,3.3222442,0.18185674,48,229
85ab,1683034643962678,0.33939761,3.3340955,0.184384,53,239
85ab,1683034644962212,0.3815074,3.3253446,0.19052044,48,249
85ab,1683034645962093,0.40604118,3.3247976,0.18896742,49,259
85ab,1683034646962222,0.42165715,3.325264,0.19195367,49,269
85ab,1683034647962213,0.44626889,3.3223841,0.18666796,48,279
85ab,1683034648962720,0.45336321,3.3224542,0.18244506,49,289
85ab,1683034649962109,0.4579626,3.317652,0.17584543,49,299
85ab,1683034650962100,0.46865785,3.3175843,0.1802597,48,309
85ab,1683034651962128,0.48285854,3.3174593,0.17889151,48,319
85ab,1683034652962211,0.41592434,3.3282723,0.1813118,52,329
85ab,1683034653962182,0.42925826,3.3276653,0.17916942,49,339
85ab,1683034654962769,0.43620086,3.3170168,0.1802709,49,349
85ab,1683034655962292,0.44643664,3.3168612,0.17774798,49,359
85ab,1683034656962265,0.45177427,3.3089521,0.17942831,49,369
85ab,1683034657962249,0.4411118,3.3115449,0.18195029,50,379
85ab,1683034658962702,0.43573669,3.3168702,0.1910076,49,389
85ab,1683034659963107,0.47623026,3.3236318,0.19416505,47,399
85ab,1683034660962177,0.46802208,3.3180802,0.19729771,49,409
85ab,1683034661962268,0.47030255,3.3184736,0.1913747,49,419
85ab,1683034662962305,0.46492282,3.3150432,0.1961711,49,429
85ab,1683034663962186,0.4645651,3.3178265,0.19371675,49,439
85ab,1683034664962841,0.47049856,3.3222873,0.18970862,49,449
85ab,1683034665962421,0.48176789,3.3264449,0.18469173,48,459
85ab,1683034666962212,0.48795086,3.3289645,0.18866959,48,469
85ab,1683034667962279,0.48856163,3.3210216,0.18097638,48,479
85ab,1683034668962275,0.47782114,3.3130558,0.18932275,49,489
85ab,1683034669962218,0.4748655,3.3172078,0.19126038,49,499
85ab,1683034670962303,0.47346413,3.3242357,0.19179434,49,509
85ab,1683034671962262,0.38519558,3.3369207,0.19027969,53,519
85ab,1683034672962214,0.40549034,3.3350058,0.18845464,49,529
85ab,1683034673962302,0.42950109,3.3336442,0.18611483,48,539
85ab,1683034674962280,0.44823122,3.330137,0.18009616,48,549
85ab,1683034675962252,0.45329967,3.322758,0.17843243,49,559
85ab,1683034676962324,0.47629249,3.3227763,0.1709667,48,569
85ab,1683034677962334,0.3839536,3.3303921,0.17929965,54,579
85ab,1683034678962238,0.41449168,3.3279712,0.183841,48,589
85ab,1683034679962370,0.44974944,3.3276439,0.17967783,48,599
85ab,1683034680962362,0.44879335,3.3292396,0.196913,49,609
85ab,1683034681962830,0.45837888,3.330332,0.20182742,48,619
85ab,1683034682962267,0.47279671,3.3257446,0.20548373,48,629
85ab,1683034683962324,0.486684,3.3243513,0.19698036,48,639
85ab,1683034684962383,0.48876292,3.3186297,0.19521227,48,649
85ab,1683034685962362,0.40039095,3.3279722,0.1893446,53,659
85ab,1683034686962798,0.42361236,3.3267643,0.18663207,49,669
85ab,1683034687962393,0.41205323,3.3231318,0.17749609,50,679
85ab,1683034688962314,0.43896452,3.3184462,0.17676783,48,689
85ab,1683034689962297,0.44168124,3.3163147,0.17635959,49,699
85ab,1683034690962392,0.46602362,3.3189464,0.17713779,48,709
85ab,1683034691962320,0.49118167,3.3216279,0.17230706,48,719
85ab,1683034692962352,0.48936146,3.3247626,0.188633,48,729
85ab,1683034693962413,0.48674452,3.3229477,0.19288291,48,739
85ab,1683034694962480,0.47418728,3.32771,0.19502352,49,749
85ab,1683034695962336,0.40472993,3.3342357,0.18992263,53,759
85ab,1683034696962449,0.43614829,3.3284447,0.18807779,48,769
85ab,1683034697962921,0.44255045,3.3316832,0.18309891,49,779
85ab,1683034698962356,0.46359786,3.3342483,0.17735814,48,789
85ab,1683034699962454,0.4775238,3.3309641,0.18448488,48,799
85ab,1683034700962542,0.46701241,3.3243062,0.18897705,49,809
85ab,1683034701962472,0.47650385,3.306592,0.18369909,48,819
85ab,1683034702962517,0.48014453,3.3016438,0.19325495,48,829
85ab,1683034703963066,0.48342755,3.3078315,0.19042392,49,839
85ab,1683034704962561,0.48619604,3.3178706,0.18377867,49,849
85ab,1683034705962447,0.39325362,3.3307557,0.1931867,53,859
85ab,1683034706962569,0.41009334,3.3280282,0.19146392,49,869
85ab,1683034707962535,0.35019329,3.3376498,0.19250278,53,879
85ab,1683034708962492,0.39123049,3.3398697,0.199095,48,889
85ab,1683034709962580,0.40462267,3.3403833,0.19807336,49,899
85ab,1683034710962570,0.43133333,3.3297787,0.19204542,48,909
85ab,1683034711962466,0.44422942,3.3271611,0.18404631,49,919
85ab,1683034712962606,0.41124266,3.3289213,0.18053208,51,929
85ab,1683034713962569,0.40482756,3.3169587,0.17661181,50,939
85ab,1683034714962519,0.44490921,3.3231504,0.16651943,48,949
85ab,1683034715962630,0.44488174,3.3221607,0.16762409,49,959
85ab,1683034716962699,0.44594228,3.3185086,0.17568609,49,969
85ab,1683034717962496,0.46139011,3.3145344,0.16284169,49,979
85ab,1683034718962634,0.43549049,3.3124688,0.16455659,50,989
85ab,1683034719963090,0.43430769,3.3150716,0.1720338,49,999
85ab,1683034720962639,0.44852841,3.3218064,0.17347103,49,1009
85ab,1683034721962605,0.46095982,3.3206372,0.17665341,48,1019
85ab,1683034722962631,0.45836312,3.3242605,0.17610605,49,1029
85ab,1683034723962526,0.456859,3.3174756,0.17425393,49,1039
85ab,1683034724963157,0.46885332,3.3244221,0.17455713,49,1049
85ab,1683034725962661,0.46616572,3.3264644,0.17911609,49,1059
85ab,1683034726962568,0.46881506,3.3232396,0.17953855,49,1069
85ab,1683034727962666,0.46560404,3.3188896,0.17068532,49,1079
85ab,1683034728962656,0.46740606,3.3179295,0.1855215,48,1089
85ab,1683034729962550,0.47996211,3.3184519,0.18173473,48,1099
85ab,1683034730963160,0.48391289,3.3245497,0.18792285,48,1109
85ab,1683034731962640,0.4168438,3.3304529,0.18816407,52,1119
85ab,1683034732962588,0.42751986,3.320811,0.19054465,49,1129
85ab,1683034733962691,0.44674531,3.3221431,0.1851317,48,1139
85ab,1683034734962682,0.45372051,3.3230875,0.18215019,49,1149
85ab,1683034735962626,0.40918449,3.2735925,0.24365464,67,1159
85ab,1683034736962706,0.4310303,3.2833815,0.21960229,49,1169
85ab,1683034737962704,0.46143049,3.2885215,0.20218925,48,1179
85ab,1683034738962682,0.46949193,3.3011396,0.19704773,49,1189
85ab,1683034739962550,0.47347158,3.3114326,0.19562846,49,1199
85ab,1683034740962548,0.47624925,3.3146236,0.17448178,49,1209
85ab,1683034741961871,0.46614054,3.3103068,0.17623655,49,1219
85ab,1683034742962737,0.46557313,3.3076363,0.16841972,49,1229
85ab,1683034743962732,0.39111069,3.3246017,0.17076661,53,1239
85ab,1683034744962730,0.41137013,3.3224235,0.16699764,49,1249
85ab,1683034745963221,0.34300581,3.3308702,0.16992882,53,1259
85ab,1683034746962730,0.38491291,3.331136,0.164506,49,1269
85ab,1683034747962571,0.42262235,3.3358669,0.17952724,48,1279
85ab,1683034748962770,0.42537579,3.3342009,0.18327011,49,1289
85ab,1683034749962753,0.36116022,3.341301,0.17845868,53,1299
85ab,1683034750962704,0.39936489,3.3396382,0.16658577,49,1309
85ab,1683034751962732,0.43695936,3.3356631,0.16924036,48,1319
85ab,1683034752962713,0.42881754,3.3329766,0.16890381,50,1329
85ab,1683034753962685,0.45514464,3.3280537,0.16446972,48,1339
85ab,1683034754962997,0.47962663,3.3219125,0.15734714,48,1349
85ab,1683034755962723,0.48665339,3.3203712,0.15248534,49,1359
85ab,1683034756962743,0.44823369,3.3283808,0.16611601,51,1369
85ab,1683034757962797,0.46786031,3.3235941,0.15608437,48,1379
85ab,1683034758962818,0.48473147,3.3156958,0.16121684,48,1389
85ab,1683034759962720,0.49697343,3.3233318,0.17081296,48,1399
85ab,1683034760962836,0.50337452,3.3250659,0.17693792,48,1409
85ab,1683034761961999,0.49244568,3.3240962,0.16431884,49,1419
85ab,1683034762962716,0.4219451,3.330003,0.16693512,52,1429
85ab,1683034763962818,0.36335596,3.3360562,0.17414968,53,1439
85ab,1683034764962836,0.38488528,3.3239167,0.1719301,49,9
85ab,1683034765962919,0.40410322,3.3258469,0.16841601,49,19
85ab,1683034766962008,0.43498656,3.3288653,0.15850078,48,29
85ab,1683034767963594,0.44615054,3.3192685,0.15640748,49,39
85ab,1683034768962705,0.44509205,3.32497,0.16777001,49,49
85ab,1683034769962875,0.44332114,3.3190644,0.17739803,49,59
85ab,1683034770962847,0.38679129,3.3123853,0.16228446,53,69
85ab,1683034771962693,0.43347746,3.3218462,0.17538498,47,79
85ab,1683034772962832,0.4374764,3.311619,0.17115569,49,89
85ab,1683034773962776,0.46225423,3.3169916,0.17312513,48,99
85ab,1683034774962728,0.44219416,3.3150373,0.17423266,50,109
85ab,1683034775962782,0.37358952,3.3248932,0.18496889,53,119
85ab,1683034776962775,0.40485412,3.3244743,0.18347634,48,129
85ab,1683034777964323,0.40241477,3.3167925,0.18319654,50,139
85ab,1683034778963320,0.43132305,3.3166761,0.17563049,48,149
85ab,1683034779962781,0.44258979,3.3078375,0.17189562,49,159
85ab,1683034780962867,0.43430853,3.3154721,0.17793953,50,169
85ab,1683034781962806,0.4363963,3.3227446,0.17773412,49,179
85ab,1683034782962822,0.45363355,3.2994838,0.16586901,48,189
85ab,1683034783962850,0.46066621,3.3023186,0.17238453,48,199
85ab,1683034784963307,0.44849995,3.308151,0.17666988,50,209
85ab,1683034785962845,0.44829613,3.3181748,0.18127073,49,219
85ab,1683034786962880,0.46501118,3.3234563,0.18187854,48,229
85ab,1683034787962848,0.4824954,3.3116174,0.17980669,48,239
85ab,1683034788962848,0.38905123,3.3283324,0.18753833,53,249
85ab,1683034789962888,0.39263353,3.3253555,0.19061071,50,259
85ab,1683034790962074,0.34013179,3.3331423,0.18397215,53,269
85ab,1683034791962812,0.38048217,3.3338711,0.18447405,48,279
85ab,1683034792962908,0.41384867,3.3249624,0.18366945,48,289
85ab,1683034793962894,0.42249963,3.3175881,0.19134684,49,299
85ab,1683034794962874,0.46508762,3.3224325,0.18899649,47,309
85ab,1683034795962121,0.47295767,3.3265345,0.18545792,49,319
85ab,1683034796963405,0.46675107,3.3156331,0.19278727,49,329
85ab,1683034797962890,0.48995519,3.3072894,0.18508978,47,339
85ab,1683034798962925,0.4819921,3.2988954,0.17166179,49,349
85ab,1683034799962900,0.51127493,3.3049664,0.16395614,47,359
85ab,1683034800962890,0.50139642,3.2954848,0.1526625,49,369
85ab,1683034801962855,0.414669,3.3122556,0.15730551,53,379
85ab,1683034802963482,0.43403471,3.3096058,0.16715574,48,389
85ab,1683034803962958,0.47096303,3.3197446,0.17751177,47,399
85ab,1683034804962827,0.45892856,3.3244987,0.18414967,49,409
85ab,1683034805962918,0.48296747,3.3275795,0.18600802,48,419
85ab,1683034806962904,0.39229554,3.3372159,0.19217797,53,429
85ab,1683034807963303,0.4119406,3.3356025,0.17503998,49,439
85ab,1683034808963034,0.4303081,3.3324065,0.17396231,49,449
85ab,1683034809963007,0.4513166,3.3253829,0.17398305,48,459
85ab,1683034810962872,0.45902249,3.3273213,0.18097138,49,469
85ab,1683034811963017,0.48087603,3.3314307,0.19043154,48,479
85ab,1683034812963004,0.39931473,3.3369215,0.18832883,53,489
85ab,1683034813962913,0.44260097,3.3391066,0.18164404,48,499
85ab,1683034814963260,0.44854438,3.3406966,0.18628863,49,509
85ab,1683034815962978,0.4694339,3.3402133,0.17903186,48,519
85ab,1683034816962929,0.47828451,3.3374083,0.17384759,49,529
85ab,1683034817963031,0.48088929,3.3368762,0.17129548,49,539
85ab,1683034818963047,0.47438252,3.3310802,0.17673963,49,549
85ab,1683034819962971,0.43592855,3.3178892,0.18083088,50,559
85ab,1683034820962972,0.45553192,3.3193827,0.1842863,48,569
85ab,1683034821962883,0.39296165,3.3263583,0.17839582,53,579
85ab,1683034822962922,0.43154287,3.3297088,0.18056956,48,589
85ab,1683034823962964,0.45718864,3.3247838,0.17236605,48,599
85ab,1683034824962969,0.45606917,3.3250935,0.1756421,49,609
85ab,1683034825962989,0.47714314,3.3293068,0.17036688,48,619
85ab,1683034826962994,0.48778194,3.3230774,0.17142092,48,629
85ab,1683034827962956,0.49111983,3.3174636,0.16914248,48,639
85ab,1683034828963006,0.47379538,3.3166227,0.18157606,49,649
85ab,1683034829962975,0.47229332,3.3249712,0.19958362,49,659
85ab,1683034830962972,0.47784537,3.328285,0.18807472,49,669
85ab,1683034831963036,0.48386955,3.332566,0.1866163,49,679
85ab,1683034832963158,0.47203103,3.3284321,0.18344249,49,689
85ab,1683034833963095,0.46710995,3.3254964,0.18489298,49,699
85ab,1683034834963000,0.46216109,3.3207211,0.179791,49,709
85ab,1683034835963167,0.48199904,3.3206842,0.17982303,48,719
85ab,1683034836963120,0.48419622,3.3228645,0.1793887,49,729
85ab,1683034837963056,0.48000738,3.3208914,0.19193223,48,739
85ab,1683034838963186,0.48466751,3.3190281,0.18612704,48,749
85ab,1683034839963121,0.4964166,3.3240578,0.18241794,48,759
85ab,1683034840963049,0.50089794,3.315027,0.1760582,48,769
85ab,1683034841963222,0.42200682,3.3239202,0.1766084,53,779
85ab,1683034842963646,0.35509008,3.3313754,0.18148912,53,789
85ab,1683034843963043,0.39686131,3.323061,0.17987582,48,799
85ab,1683034844963206,0.4310708,3.323987,0.17963201,48,809
85ab,1683034845963180,0.37355387,3.3309648,0.18987556,52,819
85ab,1683034846963070,0.40007603,3.3257544,0.18505409,49,829
85ab,1683034847963710,0.42040631,3.32941,0.19809444,48,839
85ab,1683034848963191,0.44648585,3.3332083,0.18414453,48,849
85ab,1683034849963044,0.476916,3.3309591,0.18470162,47,859
85ab,1683034850963240,0.45288777,3.307982,0.17825474,50,869
85ab,1683034851963180,0.451587,3.3123705,0.17643596,49,879
85ab,1683034852963077,0.4565357,3.31265,0.1774116,49,889
85ab,1683034853963317,0.39004093,3.3222456,0.18114124,53,899
85ab,1683034854963234,0.41512918,3.3118761,0.17108245,48,909
85ab,1683034855963091,0.43384913,3.3115864,0.17471679,48,919
85ab,1683034856963272,0.36747533,3.3221312,0.17825972,53,929
85ab,1683034857963230,0.38608566,3.3189943,0.17556614,49,939
85ab,1683034858963124,0.40717876,3.3236678,0.16777463,49,949
85ab,1683034859963738,0.42322952,3.3194921,0.16920274,49,959
85ab,1683034860963253,0.44600764,3.3181446,0.17298491,48,969
85ab,1683034861963066,0.46967733,3.3157105,0.17832269,48,979
85ab,1683034862963224,0.4672313,3.3234091,0.19431694,49,989
85ab,1683034863963195,0.47632858,3.3185968,0.1889869,48,999
85ab,1683034864963194,0.41590637,3.2416198,0.27649292,67,1009
85ab,1683034865963282,0.42325082,3.2584853,0.26969242,49,1019
85ab,1683034866963288,0.45425978,3.2731044,0.24302623,48,1029
85ab,1683034867963183,0.4775165,3.2921991,0.23163502,48,1039
85ab,1683034868963350,0.47762096,3.2955747,0.20671777,49,1049
85ab,1683034869963282,0.47462359,3.3058145,0.20957012,49,1059
85ab,1683034870963219,0.47732034,3.3165572,0.20674811,49,1069
85ab,1683034871963169,0.48729563,3.3248203,0.20894445,48,1079
85ab,1683034872963146,0.48475769,3.321898,0.1983974,49,1089
85ab,1683034873963203,0.48781383,3.3162153,0.17877531,49,1099
85ab,1683034874963570,0.41904843,3.3287368,0.17415011,52,1109
85ab,1683034875963263,0.44183823,3.3328874,0.1746103,48,1119
85ab,1683034876963245,0.44329983,3.3318629,0.17456029,49,1129
85ab,1683034877963390,0.45051196,3.3188353,0.16050941,49,1139
85ab,1683034878963356,0.46750227,3.3197384,0.15682553,48,1149
85ab,1683034879963246,0.46784621,3.3254187,0.16863357,49,1159
85ab,1683034880963388,0.47637016,3.3312266,0.17289795,49,1169
85ab,1683034881963315,0.46091196,3.324199,0.17286012,49,1179
85ab,1683034882963260,0.47189307,3.3286529,0.1726512,49,1189
85ab,1683034883963400,0.46800932,3.3147388,0.17900769,49,1199
85ab,1683034884963392,0.46519595,3.3139338,0.16501142,49,1209
85ab,1683034885963240,0.48355451,3.3164504,0.17128624,48,1219
85ab,1683034886963422,0.48794922,3.3182037,0.17503759,48,1229
85ab,1683034887963858,0.48765329,3.3116002,0.17775957,48,1239
85ab,1683034888963269,0.49947697,3.3125193,0.18701576,48,1249
85ab,1683034889963420,0.49092636,3.304806,0.18371205,49,1259
85ab,1683034890963415,0.42759609,3.3172491,0.18324666,52,1269
85ab,1683034891963252,0.45648569,3.3159177,0.18871753,48,1279
85ab,1683034892963972,0.47445074,3.3169811,0.1844057,48,1289
85ab,1683034893963399,0.47512403,3.324949,0.18945907,49,1299
85ab,1683034894963292,0.46845618,3.3159502,0.19397017,49,1309
85ab,1683034895963474,0.47106555,3.3236098,0.20468439,48,1319
85ab,1683034896963422,0.47293234,3.3262298,0.21279398,48,1329
85ab,1683034897963308,0.46796992,3.3146052,0.19053915,49,1339
85ab,1683034898963991,0.45605081,3.3173437,0.18866435,49,1349
85ab,1683034899963433,0.46463659,3.318022,0.18695952,48,1359
85ab,1683034900963346,0.46391669,3.3246782,0.18311955,49,1369
85ab,1683034901963488,0.473028,3.3237722,0.19010827,48,1379
85ab,1683034902963471,0.48634714,3.3186059,0.17586477,48,1389
85ab,1683034903963362,0.49963018,3.3246295,0.17755409,48,1399
85ab,1683034904963445,0.48943833,3.3288596,0.1769066,49,1409
85ab,1683034905963408,0.50307238,3.3333356,0.18640631,48,1419
85ab,1683034906963381,0.49846372,3.3235791,0.18180948,48,1429
85ab,1683034907963369,0.42082185,3.3311515,0.18177894,53,1439
85ab,1683034908963354,0.4406136,3.3287327,0.19264437,48,9
85ab,1683034909963354,0.44211087,3.3306646,0.20039913,49,19
85ab,1683034910963390,0.45058963,3.3159916,0.1914261,48,29
85ab,1683034911963349,0.44517973,3.3190732,0.18506093,49,39
85ab,1683034912963382,0.44536605,3.3187797,0.19660777,49,49
85ab,1683034913963396,0.45312205,3.3183973,0.19703907,49,59
85ab,1683034914963390,0.44554782,3.3186243,0.19362929,49,69
85ab,1683034915963396,0.45810217,3.3230608,0.19511445,48,79
85ab,1683034916963580,0.46267411,3.3167207,0.19077156,49,89
85ab,1683034917963406,0.47641316,3.3224232,0.19083266,48,99
85ab,1683034918963412,0.50019443,3.3219078,0.18366732,48,109
85ab,1683034919963477,0.50114983,3.3230679,0.18348789,48,119
85ab,1683034920964016,0.48886031,3.3223917,0.1893158,49,129
85ab,1683034921963350,0.48280883,3.3254783,0.18061608,49,139
85ab,1683034922963573,0.48398525,3.3233526,0.18176232,48,149
85ab,1683034923963545,0.47573414,3.3221159,0.19779658,49,159
85ab,1683034924963542,0.46765,3.3169432,0.20002136,49,169
85ab,1683034925964089,0.46786377,3.3161242,0.19680242,49,179
85ab,1683034926963581,0.46335563,3.3243012,0.20172527,49,189
85ab,1683034927963523,0.4783693,3.3264058,0.19394484,48,199
85ab,1683034928963653,0.48075256,3.3263841,0.19081739,49,209
85ab,1683034929963489,0.48852995,3.3240645,0.1882288,48,219
85ab,1683034930963599,0.42238256,3.3323648,0.18394497,52,229
85ab,1683034931965405,0.44310191,3.3248606,0.16723238,49,239
85ab,1683034932963469,0.45358136,3.3268895,0.17420475,49,249
85ab,1683034933963489,0.45767516,3.3191102,0.18469422,48,259
85ab,1683034934963764,0.4537355,3.3167286,0.18039201,49,269
85ab,1683034935963438,0.44321761,3.3158152,0.18276238,49,279
85ab,1683034936963460,0.44064984,3.3169374,0.19017395,49,289
85ab,1683034937963596,0.44886726,3.3219144,0.19910935,49,299
85ab,1683034938963534,0.45611,3.3195179,0.2096449,48,309
85ab,1683034939963502,0.3813493,3.3310966,0.20089327,53,319
85ab,1683034940963600,0.33165663,3.3382144,0.19078743,53,329
85ab,1683034941963479,0.35652035,3.3277473,0.1813515,49,339
85ab,1683034942963526,0.38667625,3.3191819,0.17258868,49,349
85ab,1683034943963506,0.40111598,3.3152151,0.1714104,49,359
85ab,1683034944963557,0.41203681,3.3121264,0.16702284,49,369
85ab,1683034945963522,0.41418979,3.3210597,0.17353153,50,379
85ab,1683034946963545,0.42920765,3.3174899,0.17182355,49,389
85ab,1683034947963552,0.44211364,3.3218596,0.16784407,49,399
85ab,1683034948963547,0.45140111,3.31985,0.17290348,49,409
85ab,1683034949963556,0.47259218,3.3256946,0.18054982,48,419
85ab,1683034950963562,0.46815971,3.3226941,0.18368039,49,429
85ab,1683034951963546,0.45848009,3.3175015,0.19448902,49,439
85ab,1683034952963554,0.38588855,3.33039,0.18859385,53,449
85ab,1683034953963569,0.43013462,3.3304524,0.18960695,48,459
85ab,1683034954963574,0.38174134,3.3345444,0.17368729,52,469
85ab,1683034955963586,0.34723687,3.3409338,0.16693041,52,479
85ab,1683034956963596,0.30128202,3.3439479,0.16539921,53,489
85ab,1683034957963719,0.36445683,3.3401806,0.1578806,48,499
85ab,1683034958963660,0.39551854,3.3348763,0.15504394,49,509
85ab,1683034959964200,0.35051197,3.3404868,0.16080341,52,519
85ab,1683034960963753,0.3880699,3.3273613,0.16127412,48,529
85ab,1683034961963653,0.40413907,3.3255062,0.16912617,49,539
85ab,1683034962963728,0.41314107,3.327776,0.16674241,49,549
85ab,1683034963963730,0.40998393,3.3184717,0.16987653,50,559
85ab,1683034964963660,0.43256578,3.326592,0.16584909,49,569
85ab,1683034965964213,0.46359786,3.3285949,0.1803313,47,579
85ab,1683034966963741,0.44790715,3.3254888,0.1833985,50,589
85ab,1683034967963678,0.47069305,3.3274531,0.18413851,48,599
85ab,1683034968963680,0.397988,3.336966,0.17468369,53,609
85ab,1683034969963672,0.42996046,3.3335209,0.1729134,48,619
85ab,1683034970964194,0.34213865,3.3370111,0.18992387,54,629
85ab,1683034971963589,0.37435719,3.3320518,0.19190885,49,639
85ab,1683034972963640,0.40408707,3.3314502,0.19027433,49,649
85ab,1683034973963815,0.41256738,3.3255491,0.19599767,49,659
85ab,1683034974963705,0.34326831,3.3316333,0.19173193,53,669
85ab,1683034975963688,0.37861067,3.3304484,0.19438328,48,679
85ab,1683034976963826,0.40216103,3.3282151,0.20502855,48,689
85ab,1683034977963696,0.38038769,3.3338861,0.19312291,51,699
85ab,1683034978963653,0.40363193,3.3347983,0.17925325,49,709
85ab,1683034979963798,0.42273128,3.331784,0.177002,49,719
85ab,1683034980963760,0.44036761,3.3361087,0.18427463,49,729
85ab,1683034981963700,0.44480142,3.3254447,0.17613378,49,739
85ab,1683034982963832,0.45443118,3.3303223,0.17546546,49,749
85ab,1683034983963666,0.48327422,3.3282533,0.18623646,47,759
85ab,1683034984963723,0.48692322,3.3247666,0.18889166,48,769
85ab,1683034985964566,0.48726714,3.3315437,0.19040154,49,779
85ab,1683034986963734,0.49063626,3.3296278,0.1928995,48,789
85ab,1683034987963810,0.48880732,3.3310213,0.18546289,49,799
85ab,1683034988963878,0.49643087,3.3236609,0.18540229,48,809
85ab,1683034989963737,0.49679071,3.324568,0.19171578,48,819
85ab,1683034990963765,0.42234579,3.3311698,0.19010113,52,829
85ab,1683034991963714,0.44194523,3.3342018,0.19786564,48,839
85ab,1683034992963780,0.45055643,3.3185155,0.1860258,49,849
85ab,1683034993963778,0.46478584,3.3186357,0.20048754,48,859
85ab,1683034994963949,0.46912444,3.3190148,0.19740357,49,869
85ab,1683034995963763,0.4877333,3.320384,0.19925416,48,879
85ab,1683034996963805,0.48849693,3.3242638,0.1956825,49,889
85ab,1683034997963760,0.45598727,3.3133357,0.18587978,50,899
85ab,1683034998963826,0.472843,3.3214307,0.185504,48,909
85ab,1683034999963823,0.47795141,3.3267272,0.18892044,49,919
85ab,1683035000963798,0.4884896,3.3299856,0.19127585,48,929
85ab,1683035001963881,0.48268583,3.3236215,0.19289628,49,939
85ab,1683035002963804,0.47914064,3.3251922,0.19576311,49,949
85ab,1683035003963786,0.48835683,3.3301551,0.18744257,48,959
85ab,1683035004963848,0.47539651,3.3241765,0.18149768,49,969
85ab,1683035005963814,0.46748108,3.3208139,0.18684545,49,979
85ab,1683035006963815,0.47766328,3.31118,0.1845573,48,989
85ab,1683035007963861,0.48961258,3.3167233,0.1864149,48,999
85ab,1683035008963869,0.41214582,3.3259366,0.18348539,53,1009
85ab,1683035009963996,0.42794055,3.3159719,0.18919292,48,1019
85ab,1683035010963892,0.44902241,3.319407,0.18693002,48,1029
85ab,1683035011963797,0.46080729,3.3202982,0.18312711,49,1039
85ab,1683035012963995,0.47903031,3.3153791,0.17522436,48,1049
85ab,1683035013963888,0.41455016,3.324357,0.17774588,52,1059
85ab,1683035014963885,0.44002038,3.3211532,0.18388708,48,1069
85ab,1683035015964022,0.43745473,3.3178535,0.19282573,49,1079
85ab,1683035016963894,0.44435605,3.3236079,0.18146098,49,1089
85ab,1683035017963876,0.37612233,3.3288271,0.18425223,53,1099
85ab,1683035018964486,0.39275664,3.323796,0.17306162,49,1109
85ab,1683035019963873,0.42943731,3.3220055,0.16858402,48,1119
85ab,1683035020963917,0.44021431,3.3203692,0.16186403,49,1129
85ab,1683035021964028,0.46307671,3.3242502,0.16336121,48,1139
85ab,1683035022963918,0.47857046,3.3258147,0.17318295,48,1149
85ab,1683035023963932,0.48596868,3.3297327,0.16769992,49,1159
85ab,1683035024964105,0.48448384,3.3230832,0.16321215,49,1169
85ab,1683035025963939,0.41926476,3.3317142,0.16870154,52,1179
85ab,1683035026963914,0.43580121,3.3335533,0.17350639,49,1189
85ab,1683035027964054,0.4506008,3.3360648,0.1888395,48,1199
85ab,1683035028963969,0.38710967,3.341181,0.18087506,53,1209
85ab,1683035029963943,0.42006093,3.3330233,0.18720657,48,1219
85ab,1683035030964080,0.44239134,3.3273487,0.1819851,48,1229
85ab,1683035031963922,0.45975903,3.3320878,0.18936914,48,1239
85ab,1683035032963948,0.46709886,3.3270614,0.17346993,49,1249
85ab,1683035033963990,0.47632819,3.3277457,0.17670016,48,1259
85ab,1683035034963973,0.40983298,3.3342686,0.17442356,52,1269
85ab,1683035035963953,0.40974092,3.3336754,0.17811261,50,1279
85ab,1683035036963987,0.423452,3.3110714,0.1738624,48,1289
85ab,1683035037963967,0.44267949,3.3111315,0.18057866,48,1299
85ab,1683035038963987,0.4489564,3.3079197,0.18497682,49,1309
85ab,1683035039963988,0.45115125,3.3085039,0.18443649,49,1319
85ab,1683035040963990,0.474463,3.3187847,0.18938422,48,1329
85ab,1683035041963982,0.47459438,3.3066521,0.19286321,48,1339
85ab,1683035042964020,0.46642491,3.3057511,0.18481167,49,1349
85ab,1683035043963995,0.464792,3.302165,0.18450804,49,1359
85ab,1683035044964016,0.47181544,3.3042576,0.1830892,48,1369
85ab,1683035045964007,0.47895205,3.3108852,0.19268107,48,1379
85ab,1683035046964022,0.40205726,3.3200467,0.1917651,53,1389
85ab,1683035047964033,0.41049656,3.3151898,0.19005471,49,1399
85ab,1683035048964025,0.42230636,3.3115091,0.18567763,49,1409
85ab,1683035049964648,0.44551885,3.3208878,0.18777318,48,1419
85ab,1683035050964165,0.45851266,3.3152843,0.18927401,48,1429
85ab,1683035051964073,0.48049366,3.3199768,0.19405739,48,1439
85ab,1683035052964183,0.40531862,3.3276126,0.19011667,53,9
85ab,1683035053964176,0.41824612,3.3218699,0.19362371,49,19
85ab,1683035054965017,0.42946506,3.3206134,0.19274949,49,29
85ab,1683035055964141,0.440039,3.3195393,0.18699022,49,39
85ab,1683035056964182,0.45665419,3.3172812,0.1835124,48,49
85ab,1683035057964106,0.42791462,3.3155916,0.18958156,50,59
85ab,1683035058964197,0.43483433,3.3132656,0.18171526,49,69
85ab,1683035059964160,0.36097625,3.3296404,0.18700643,53,79
85ab,1683035060964604,0.39879915,3.3288448,0.18443069,48,89
85ab,1683035061964119,0.33885908,3.3398287,0.18899351,53,99
85ab,1683035062964209,0.37261587,3.3324933,0.18778932,49,109
85ab,1683035063964144,0.38796046,3.3340027,0.18852587,49,119
85ab,1683035064964256,0.40379742,3.3210573,0.18984579,49,129
85ab,1683035065964203,0.444179,3.3267522,0.19585146,47,139
85ab,1683035066964626,0.45344582,3.3278923,0.181514,49,149
85ab,1683035067964222,0.39056873,3.3336287,0.18068837,52,159
85ab,1683035068964228,0.4223341,3.3334813,0.18154624,48,169
85ab,1683035069964202,0.4292084,3.3300338,0.18251528,49,179
85ab,1683035070964222,0.44718966,3.3251328,0.1800272,48,189
85ab,1683035071964160,0.4382264,3.3206027,0.18429686,49,199
85ab,1683035072964698,0.4378897,3.3250465,0.18419608,49,209
85ab,1683035073964255,0.44313297,3.3193781,0.17163809,49,219
85ab,1683035074964258,0.43661845,3.3234937,0.18232118,49,229
85ab,1683035075964203,0.44790488,3.3203261,0.18472365,48,239
85ab,1683035076964295,0.38491461,3.3303113,0.18391912,52,249
85ab,1683035077964273,0.39629003,3.3309836,0.192679,49,259
85ab,1683035078964697,0.42302564,3.3268337,0.1938521,48,269
85ab,1683035079964294,0.44399461,3.3267207,0.18943322,48,279
85ab,1683035080964289,0.4558962,3.3312614,0.1838681,49,289
85ab,1683035081964185,0.47071123,3.3316469,0.18210503,48,299
85ab,1683035082964263,0.47222418,3.3238618,0.17835784,49,309
85ab,1683035083964314,0.48543108,3.3181953,0.17669517,48,319
85ab,1683035084964248,0.47176313,3.3201776,0.1819986,49,329
85ab,1683035085965816,0.47104189,3.3233194,0.1849232,49,339
85ab,1683035086964320,0.47266504,3.3271804,0.18373221,49,349
85ab,1683035087964262,0.475537,3.3224301,0.16479842,49,359
85ab,1683035088964345,0.48461828,3.3219135,0.16957338,48,369
85ab,1683035089964332,0.48087645,3.3268611,0.17114685,49,379
85ab,1683035090964255,0.48624718,3.332217,0.17126635,49,389
85ab,1683035091964188,0.48676014,3.3232768,0.16262046,49,399
85ab,1683035092964276,0.48166376,3.3223326,0.16513535,49,409
85ab,1683035093964256,0.48168889,3.3079848,0.15990262,48,419
85ab,1683035094964289,0.4701362,3.2964361,0.15945001,49,429
85ab,1683035095964266,0.487472,3.3088133,0.16610576,48,439
85ab,1683035096964419,0.49356952,3.3084393,0.16712438,48,449
85ab,1683035097964239,0.4211556,3.31927,0.17872271,52,459
85ab,1683035098964317,0.3513183,3.3274467,0.16732831,53,469
85ab,1683035099964411,0.39217493,3.328073,0.17235804,48,479
85ab,1683035100964450,0.41620594,3.3291597,0.17283015,49,489
85ab,1683035101964338,0.44084066,3.3277316,0.17476402,48,499
85ab,1683035102964439,0.4475773,3.3211839,0.1814746,49,509
85ab,1683035103964298,0.46766576,3.3120368,0.17308952,48,519
85ab,1683035104964274,0.48438963,3.3105984,0.16241476,48,529
85ab,1683035105964448,0.48704213,3.3099442,0.17100535,48,539
85ab,1683035106964307,0.496029,3.311666,0.17012656,48,549
85ab,1683035107964504,0.48250088,3.305413,0.16350828,49,559
85ab,1683035108964468,0.41723678,3.3167939,0.16543978,52,569
85ab,1683035109964370,0.44820136,3.3202798,0.17516963,48,579
85ab,1683035110964347,0.460813,3.3234522,0.17870748,48,589
85ab,1683035111964469,0.46820822,3.3201585,0.17692018,48,599
85ab,1683035112964347,0.47333208,3.3247521,0.1744581,49,609
85ab,1683035113964416,0.48802465,3.3266242,0.16844559,48,619
85ab,1683035114964486,0.49202254,3.3306606,0.17638294,48,629
85ab,1683035115964343,0.48721993,3.3202598,0.18290001,48,639
85ab,1683035116964351,0.48292756,3.3214512,0.17335403,49,649
85ab,1683035117964385,0.45189422,3.3263214,0.17294517,50,659
85ab,1683035118964428,0.44429713,3.3160682,0.18022327,49,669
85ab,1683035119964381,0.4509418,3.3197417,0.16607398,49,679
85ab,1683035120964414,0.45783952,3.3200989,0.18036638,48,689
85ab,1683035121964353,0.38771906,3.3298624,0.17189707,53,699
85ab,1683035122964390,0.42421412,3.331526,0.17623122,48,709
85ab,1683035123964432,0.43971506,3.3340337,0.17298485,49,719
85ab,1683035124964404,0.44798931,3.325232,0.18292956,48,729
85ab,1683035125964389,0.44296345,3.3238754,0.18666732,49,739
85ab,1683035126964438,0.45502025,3.3210742,0.17673782,49,749
85ab,1683035127964419,0.48693106,3.3232808,0.17248076,47,759
85ab,1683035128964444,0.48017159,3.3177595,0.17782915,49,769
85ab,1683035129964439,0.48551202,3.319896,0.17728657,48,779
85ab,1683035130964432,0.39237145,3.3296075,0.17514172,54,789
85ab,1683035131964401,0.41831908,3.3312008,0.17772356,49,799
85ab,1683035132964460,0.45662385,3.3268554,0.17212406,48,809
85ab,1683035133964437,0.45357668,3.32097,0.17106193,49,819
85ab,1683035134964463,0.46081382,3.3157585,0.1666906,49,829
85ab,1683035135964478,0.47563639,3.3177,0.17029445,48,839
85ab,1683035136964444,0.49694335,3.3264575,0.17656597,48,849
85ab,1683035137964460,0.50038218,3.3252504,0.188998,48,859
85ab,1683035138964500,0.49519727,3.3222845,0.18525194,49,869
85ab,1683035139964490,0.49978229,3.324657,0.17431685,49,879
85ab,1683035140964495,0.50208241,3.3236268,0.17840672,48,889
85ab,1683035141964477,0.50411367,3.3282428,0.17694204,48,899
85ab,1683035142964496,0.5180828,3.3264449,0.1799677,48,909
85ab,1683035143964508,0.42577139,3.3324876,0.18493409,53,919
85ab,1683035144964521,0.43654805,3.3341718,0.18885067,49,929
85ab,1683035145964542,0.454036,3.3274391,0.18405199,48,939
85ab,1683035146964528,0.442645,3.3248119,0.1916187,49,949
85ab,1683035147964532,0.44129694,3.3256669,0.18360123,49,959
85ab,1683035148964522,0.44684568,3.3298459,0.18860073,49,969
85ab,1683035149964523,0.44947872,3.3144231,0.17958464,49,979
85ab,1683035150964548,0.45629981,3.3142085,0.17988996,49,989
85ab,1683035151964552,0.47420767,3.3141756,0.17958304,48,999
85ab,1683035152964530,0.39817244,3.32963,0.18442322,53,1009
85ab,1683035153964531,0.35194933,3.3356483,0.17846254,52,1019
85ab,1683035154964538,0.39336956,3.3325558,0.17729813,48,1029
85ab,1683035155964553,0.40579453,3.3273191,0.19077636,49,1039
85ab,1683035156964627,0.44445157,3.3182764,0.17913705,48,1049
85ab,1683035157964566,0.45262465,3.3128994,0.17177776,49,1059
85ab,1683035158964541,0.45273915,3.320137,0.17598327,49,1069
85ab,1683035159964559,0.4521037,3.3182893,0.17311646,49,1079
85ab,1683035160964596,0.381308,3.3277504,0.16912621,53,1089
85ab,1683035161964570,0.40185398,3.3322163,0.17860971,49,1099
85ab,1683035162964651,0.43399131,3.3293729,0.18217202,48,1109
85ab,1683035163964582,0.45819697,3.32387,0.17789586,48,1119
85ab,1683035164964590,0.46955281,3.325453,0.18354532,48,1129
85ab,1683035165964651,0.46848324,3.3185928,0.18538237,49,1139
85ab,1683035166964639,0.44456625,3.3182127,0.19739747,50,1149
85ab,1683035167964836,0.45923281,3.3188798,0.19911423,48,1159
85ab,1683035168964620,0.48748866,3.3132293,0.19891746,47,1169
85ab,1683035169964604,0.48211613,3.3108275,0.19159082,49,1179
85ab,1683035170964630,0.48471305,3.314924,0.19623025,48,1189
85ab,1683035171964740,0.48695382,3.3201296,0.19171783,49,1199
85ab,1683035172964676,0.49246106,3.3112404,0.18205144,48,1209
85ab,1683035173964674,0.50153816,3.3158152,0.17846933,48,1219
85ab,1683035174964760,0.48654324,3.3119204,0.17667006,49,1229
85ab,1683035175964624,0.41107529,3.3225279,0.18322124,53,1239
85ab,1683035176964648,0.43143243,3.3212659,0.18736476,48,1249
85ab,1683035177964688,0.43891612,3.3255827,0.18521792,49,1259
85ab,1683035178964684,0.45375058,3.3259072,0.18804537,48,1269
85ab,1683035179964720,0.47601748,3.3283446,0.17977732,48,1279
85ab,1683035180964657,0.4705548,3.3175783,0.18243225,49,1289
85ab,1683035181964649,0.48294213,3.3174357,0.18038392,48,1299
85ab,1683035182964686,0.49023515,3.3083498,0.19310956,48,1309
85ab,1683035183964716,0.49264705,3.3117554,0.17907375,49,1319
85ab,1683035184964778,0.49982873,3.3192832,0.17420197,48,1329
85ab,1683035185964706,0.48814222,3.3184206,0.17093566,49,1339
85ab,1683035186964695,0.48395211,3.3122859,0.16815948,49,1349
85ab,1683035187964704,0.40433472,3.321928,0.176017,53,1359
85ab,1683035188964719,0.42762458,3.3136144,0.17788726,48,1369
85ab,1683035189964756,0.43847165,3.3071623,0.17517453,49,1379
85ab,1683035190964752,0.42995176,3.3009551,0.16230538,50,1389
85ab,1683035191964716,0.37720466,3.3171504,0.15480377,52,1399
85ab,1683035192964746,0.40942997,3.310698,0.15775491,48,1409
85ab,1683035193964735,0.41602609,3.3179064,0.17489029,49,1419
85ab,1683035194964740,0.36073253,3.3317919,0.18353409,52,1429
85ab,1683035195964856,0.39469135,3.3245718,0.17195918,49,1439
85ab,1683035196964757,0.421109,3.3188143,0.17657331,48,9
85ab,1683035197964752,0.43521538,3.325423,0.17919284,49,19
85ab,1683035198964787,0.458712,3.3238993,0.1702576,48,29
85ab,1683035199964792,0.45451313,3.319504,0.16871056,49,39
85ab,1683035200964824,0.46036845,3.3258474,0.16977835,49,49
85ab,1683035201964868,0.47612891,3.3300035,0.1725657,48,59
85ab,1683035202964823,0.4917542,3.3285024,0.17695194,48,69
85ab,1683035203964840,0.41157192,3.33411,0.18259601,53,79
85ab,1683035204964846,0.41987875,3.3287497,0.17797084,49,89
85ab,1683035205964884,0.4315989,3.3222411,0.16887988,49,99
85ab,1683035206964896,0.45488027,3.3261993,0.16052367,48,109
85ab,1683035207964873,0.46664572,3.3310018,0.16595301,49,119
85ab,1683035208964867,0.46479836,3.3237312,0.15447313,49,129
85ab,1683035209964863,0.46808237,3.3257656,0.15566704,49,139
85ab,1683035210964882,0.46785006,3.3190677,0.14781755,49,149
85ab,1683035211964936,0.46415821,3.3158069,0.14858851,49,159
85ab,1683035212964881,0.46229103,3.3123171,0.16515189,49,169
85ab,1683035213964878,0.46903509,3.3218186,0.1877521,48,179
85ab,1683035214964887,0.48036182,3.3158066,0.18261585,48,189
85ab,1683035215964891,0.47821155,3.3167493,0.18024647,49,199
85ab,1683035216964903,0.4749237,3.3170581,0.16606122,49,209
85ab,1683035217964949,0.48735604,3.3237514,0.18221715,48,219
85ab,1683035218964910,0.40250492,3.335969,0.18737699,53,229
85ab,1683035219964914,0.42231974,3.3280532,0.18679942,48,239
85ab,1683035220964919,0.42793962,3.3299012,0.18712753,49,249
85ab,1683035221964916,0.44706014,3.3314009,0.1851458,48,259
85ab,1683035222964934,0.4547787,3.3323321,0.17952836,49,269
85ab,1683035223964958,0.47544944,3.3298762,0.16982609,48,279
85ab,1683035224964928,0.39359909,3.3390374,0.17988834,53,289
85ab,1683035225964944,0.43808386,3.3424988,0.18407404,48,299
85ab,1683035226964960,0.43481675,3.3295405,0.18152635,49,309
85ab,1683035227965092,0.44746521,3.3319232,0.18312499,49,319
85ab,1683035228964924,0.37981576,3.336607,0.18368402,53,329
85ab,1683035229964948,0.42024,3.3382816,0.18878038,48,339
85ab,1683035230964903,0.43715563,3.3328481,0.18437028,49,349
85ab,1683035231964926,0.4442746,3.325655,0.18419427,49,359
85ab,1683035232964946,0.46395335,3.3267076,0.18345152,48,369
85ab,1683035233964982,0.46787563,3.3241923,0.18194897,49,379
85ab,1683035234965278,0.46822172,3.3262312,0.1813646,49,389
85ab,1683035235964922,0.47903261,3.3256817,0.18638399,48,399
85ab,1683035236964951,0.48072681,3.328933,0.18325032,49,409
85ab,1683035237965012,0.48635322,3.3293509,0.1910961,48,419
85ab,1683035238965000,0.46903363,3.3195908,0.18489745,49,429
85ab,1683035239966530,0.47198313,3.3226204,0.17679372,49,439
85ab,1683035240965026,0.46896067,3.3131814,0.17678657,49,449
85ab,1683035241964940,0.47762558,3.3092904,0.17413022,48,459
85ab,1683035242965000,0.48546487,3.3096592,0.17568989,48,469
85ab,1683035243965028,0.40883461,3.3238626,0.17888913,53,479
85ab,1683035244965032,0.43181187,3.3157129,0.17569058,48,489
85ab,1683035245965029,0.45316425,3.3193326,0.1804594,48,499
85ab,1683035246965038,0.4576264,3.3155377,0.18137555,49,509
85ab,1683035247965033,0.46893317,3.3088408,0.18203376,48,519
85ab,1683035248965016,0.47233117,3.3091159,0.17747836,49,529
85ab,1683035249965054,0.47963169,3.3142269,0.17788261,48,539
85ab,1683035250965054,0.47694328,3.312346,0.17497161,49,549
85ab,1683035251965056,0.47411534,3.3143454,0.18144071,49,559
85ab,1683035252965069,0.47880796,3.3190815,0.18681152,48,569
85ab,1683035253965072,0.44999358,3.3108191,0.19445291,50,579
85ab,1683035254965048,0.4628785,3.3056912,0.18036781,48,589
85ab,1683035255965104,0.45935479,3.3119292,0.19483511,49,599
85ab,1683035256965084,0.46773753,3.3074942,0.18656147,48,609
85ab,1683035257965068,0.46703446,3.3101091,0.19634603,49,619
85ab,1683035258965090,0.46749535,3.3010488,0.18032491,49,629
85ab,1683035259965104,0.46811065,3.2956545,0.18499167,48,639
85ab,1683035260965093,0.47584558,3.3065085,0.18427606,49,649
85ab,1683035261965090,0.47429693,3.3153074,0.18217386,49,659
85ab,1683035262965118,0.48914751,3.3222311,0.18566573,48,669
85ab,1683035263965122,0.48811558,3.3167713,0.17945412,49,679
85ab,1683035264965122,0.48911962,3.31462,0.18548676,48,689
85ab,1683035265965140,0.49130726,3.3030822,0.17637761,48,699
85ab,1683035266965129,0.49386376,3.3097014,0.17705706,48,709
85ab,1683035267965134,0.49030843,3.3114376,0.17715313,49,719
85ab,1683035268965131,0.48297772,3.3174973,0.18021812,49,729
85ab,1683035269965152,0.48473552,3.3141716,0.17985424,48,739
85ab,1683035270965150,0.49161863,3.3196812,0.18164776,48,749
85ab,1683035271965128,0.48521364,3.3132122,0.17607987,49,759
85ab,1683035272965130,0.48526287,3.3115308,0.17046833,49,769
85ab,1683035273965177,0.48232704,3.3113801,0.17741884,49,779
85ab,1683035274965168,0.47887152,3.3168206,0.18501891,49,789
85ab,1683035275965218,0.49330056,3.3217053,0.18438348,48,799
85ab,1683035276965170,0.47487828,3.3244905,0.19283248,49,809
85ab,1683035277965248,0.47606933,3.3274031,0.19414651,49,819
85ab,1683035278965157,0.48801187,3.2426672,0.10335983,67,829
85ab,1683035279965252,0.48539254,3.2666912,0.12255968,49,839
85ab,1683035280965191,0.4096342,3.2884657,0.13734929,53,849
85ab,1683035281965308,0.41950664,3.294862,0.1547011,49,859
85ab,1683035282965212,0.34196836,3.3133206,0.1643369,53,869
85ab,1683035283965272,0.39268398,3.3198731,0.16819184,48,879
85ab,1683035284965201,0.41370374,3.305162,0.15774822,49,889
85ab,1683035285965297,0.43484131,3.3130226,0.17003354,48,899
85ab,1683035286965221,0.45996723,3.3077669,0.17167874,48,909
85ab,1683035287965337,0.44734159,3.3097363,0.17176367,50,919
85ab,1683035288965225,0.44877687,3.3128912,0.17081764,49,929
85ab,1683035289965232,0.45173576,3.3170652,0.17726853,49,939
85ab,1683035290965226,0.46087658,3.3176453,0.17308474,49,949
85ab,1683035291965251,0.47640482,3.3215129,0.17598005,48,959
85ab,1683035292965269,0.48383009,3.3115084,0.17108309,48,969
85ab,1683035293965372,0.49423772,3.3129022,0.17200905,48,979
85ab,1683035294965450,0.47215965,3.3073356,0.17391315,49,989
85ab,1683035295965259,0.46640074,3.3090143,0.18212399,49,999
85ab,1683035296965300,0.4812085,3.3093181,0.20077682,47,1009
85ab,1683035297964503,0.48009714,3.3095648,0.19492708,49,1019
85ab,1683035298965283,0.48493838,3.3152177,0.18649751,49,1029
85ab,1683035299965392,0.48640075,3.3195775,0.18525426,49,1039
85ab,1683035300965302,0.46094266,3.3227191,0.19114786,50,1049
85ab,1683035301965281,0.38959539,3.336822,0.19218375,53,1059
85ab,1683035302964500,0.40600237,3.339844,0.19837053,49,1069
85ab,1683035303965305,0.43112674,3.3390138,0.19892868,48,1079
85ab,1683035304965361,0.44200659,3.3341115,0.19078425,49,1089
85ab,1683035305965437,0.44270477,3.3328218,0.18839586,49,1099
85ab,1683035306965311,0.4520359,3.3294868,0.18300246,49,1109
85ab,1683035307965265,0.47286317,3.3266382,0.18827546,48,1119
85ab,1683035308965340,0.4643186,3.3306293,0.19692668,49,1129
85ab,1683035309965416,0.46512768,3.3332467,0.18634261,49,1139
85ab,1683035310965369,0.45231551,3.3185921,0.18229344,49,1149
85ab,1683035311965482,0.4638986,3.3132129,0.17463081,48,1159
85ab,1683035312965276,0.47340944,3.3188264,0.17395151,49,1169
85ab,1683035313965374,0.47588721,3.3261695,0.17468956,49,1179
85ab,1683035314965369,0.45936888,3.3266892,0.17393586,50,1189
85ab,1683035315965419,0.45554695,3.325026,0.18022618,49,1199
85ab,1683035316965408,0.46838558,3.3221035,0.17578645,48,1209
85ab,1683035317965406,0.47020689,3.3154216,0.182463,48,1219
85ab,1683035318965373,0.46136275,3.3112552,0.19281361,49,1229
85ab,1683035319965396,0.45203435,3.3007569,0.19266023,49,1239
85ab,1683035320965403,0.45499349,3.3021126,0.18243916,49,1249
85ab,1683035321965426,0.49827471,3.3099873,0.17731214,47,1259
85ab,1683035322965362,0.49919152,3.3147798,0.17424603,49,1269
85ab,1683035323965443,0.42183039,3.3037481,0.16621707,53,1279
85ab,1683035324965421,0.4207263,3.3124821,0.17558366,49,1289
85ab,1683035325965439,0.43473551,3.3135669,0.1777472,49,1299
85ab,1683035326965417,0.46431977,3.314328,0.17071335,48,1309
85ab,1683035327965449,0.46006846,3.305784,0.16235763,49,1319
85ab,1683035328965440,0.4766275,3.31573,0.16617262,48,1329
85ab,1683035329965463,0.49049622,3.3149467,0.15711424,48,1339
85ab,1683035330965451,0.49727973,3.3235211,0.16818291,48,1349
85ab,1683035331965385,0.49080524,3.3193822,0.16950895,49,1359
85ab,1683035332965472,0.42961425,3.3281674,0.17086098,52,1369
85ab,1683035333965474,0.4569734,3.3196583,0.16446404,48,1379
85ab,1683035334965448,0.37272635,3.3321164,0.17866232,53,1389
85ab,1683035335965502,0.32108402,3.3509073,0.18358885,52,1399
85ab,1683035336965501,0.36152881,3.3259223,0.18533692,48,1409
85ab,1683035337965498,0.41791451,3.3214264,0.18010607,47,1419
85ab,1683035338965494,0.43002954,3.3160431,0.1731258,49,1429
85ab,1683035339965492,0.4563584,3.3116679,0.17570961,48,1439
85ab,1683035340965496,0.46208468,3.312206,0.17880262,49,9
85ab,1683035341965490,0.47091469,3.3137662,0.16568686,49,19
85ab,1683035342965496,0.38205394,3.3228595,0.17441294,53,29
85ab,1683035343965506,0.39971817,3.3220243,0.17546003,49,39
85ab,1683035344965534,0.41404578,3.3127861,0.17748885,49,49
85ab,1683035345965511,0.43994188,3.3137784,0.17485349,48,59
85ab,1683035346965517,0.44178507,3.3119326,0.17226139,49,69
85ab,1683035347965561,0.36927792,3.3215692,0.17737663,53,79
85ab,1683035348965525,0.38780782,3.3140905,0.18213128,49,89
85ab,1683035349965526,0.40070543,3.3153465,0.1792298,49,99
85ab,1683035350965495,0.42178398,3.316505,0.17976093,49,109
85ab,1683035351965476,0.44047993,3.3220887,0.17853124,49,119
85ab,1683035352965544,0.39006916,3.3366129,0.18451384,52,129
85ab,1683035353965585,0.42742172,3.333252,0.17888434,48,139
85ab,1683035354965695,0.44470823,3.3264875,0.16932179,49,149
85ab,1683035355965601,0.45826229,3.314213,0.18185191,48,159
85ab,1683035356965506,0.38303563,3.3225379,0.18545052,53,169
85ab,1683035357965600,0.39623034,3.3154259,0.1836085,49,179
85ab,1683035358965513,0.40693203,3.3099244,0.1770159,49,189
85ab,1683035359966224,0.43398809,3.3107514,0.1718244,48,199
85ab,1683035360965564,0.46066266,3.3117933,0.1791741,48,209
85ab,1683035361965602,0.46271652,3.312968,0.17850721,49,219
85ab,1683035362965617,0.45949522,3.3162735,0.18195544,49,229
85ab,1683035363965571,0.46306843,3.3198557,0.16569056,49,239
85ab,1683035364965577,0.47559839,3.310605,0.17234135,48,249
85ab,1683035365966201,0.38361394,3.3180392,0.17687529,54,259
85ab,1683035366965578,0.39675057,3.3216994,0.18395902,49,269
85ab,1683035367965596,0.41675368,3.3196659,0.18317075,49,279
85ab,1683035368965580,0.41637346,3.3185725,0.17696591,50,289
85ab,1683035369965769,0.43921351,3.3195031,0.16890396,49,299
85ab,1683035370965612,0.35894769,3.3309464,0.17053913,53,309
85ab,1683035371965702,0.37212673,3.3232203,0.17194745,49,319
85ab,1683035372965622,0.392093,3.3151782,0.17293873,49,329
85ab,1683035373965634,0.41801104,3.3090608,0.1675998,48,339
85ab,1683035374965624,0.43961367,3.3084285,0.16279513,48,349
85ab,1683035375965662,0.39325351,3.319262,0.16851708,52,359
85ab,1683035376965638,0.41235286,3.3264937,0.17207684,49,369
85ab,1683035377965649,0.44001204,3.331392,0.17867672,48,379
85ab,1683035378965637,0.4442662,3.3336,0.19456291,49,389
85ab,1683035379965656,0.44287089,3.3269377,0.19215724,49,399
85ab,1683035380965663,0.45358071,3.316884,0.19947462,48,409
85ab,1683035381965606,0.46867257,3.3162971,0.19921264,48,419
85ab,1683035382965683,0.43943536,3.309314,0.19906428,50,429
85ab,1683035383965688,0.44437927,3.30589,0.20311134,49,439
85ab,1683035384965676,0.44530037,3.2967241,0.17717658,49,449
85ab,1683035385965693,0.43968156,3.2982945,0.17445403,49,459
85ab,1683035386965689,0.45328242,3.2977376,0.16164915,49,469
85ab,1683035387965690,0.39727843,3.3104382,0.17024466,52,479
85ab,1683035388965719,0.38272858,3.3034685,0.18538633,50,489
85ab,1683035389965700,0.4034543,3.3084984,0.19011372,49,499
85ab,1683035390965733,0.42178151,3.3040435,0.18180771,49,509
85ab,1683035391965648,0.43346238,3.2966273,0.17291015,49,519
85ab,1683035392965723,0.44799703,3.3029864,0.16548298,49,529
85ab,1683035393967277,0.46354967,3.3054206,0.15954621,48,539
85ab,1683035394965738,0.45625252,3.3079026,0.15783103,49,549
85ab,1683035395965742,0.46478787,3.3182337,0.17160194,48,559
85ab,1683035396965736,0.48078328,3.3259337,0.17579809,48,569
85ab,1683035397965761,0.48577338,3.3164463,0.17252013,48,579
85ab,1683035398965726,0.41806802,3.3253145,0.18277568,52,589
85ab,1683035399965768,0.43274179,3.3272507,0.18744582,49,599
85ab,1683035400965755,0.46839789,3.3228087,0.16992024,48,609
85ab,1683035401965759,0.48174405,3.3224466,0.1807431,48,619
85ab,1683035402965766,0.47448573,3.3176355,0.17593142,49,629
85ab,1683035403965769,0.48671684,3.3246555,0.17804274,48,639
85ab,1683035404965756,0.49640277,3.2304139,0.090381294,67,649
85ab,1683035405965783,0.49471039,3.2432511,0.11001053,48,659
85ab,1683035406965792,0.41558972,3.2765043,0.13399324,52,669
85ab,1683035407965790,0.36981314,3.2951517,0.14332503,52,679
85ab,1683035408965804,0.40584689,3.3008106,0.15796189,48,689
85ab,1683035409965822,0.43163085,3.3073664,0.16786329,48,699
85ab,1683035410965794,0.44684908,3.311518,0.17757089,48,709
85ab,1683035411965790,0.45816976,3.3098667,0.18321402,48,719
85ab,1683035412965834,0.4008958,3.3225851,0.1828137,52,729
85ab,1683035413965846,0.41851729,3.3276107,0.18995059,49,739
85ab,1683035414966088,0.4376379,3.3178062,0.18651693,48,749
85ab,1683035415965809,0.46177378,3.3059978,0.18861316,47,759
85ab,1683035416965815,0.47276065,3.3130174,0.19782208,48,769
85ab,1683035417965847,0.46639913,3.3121784,0.19034193,49,779
85ab,1683035418965852,0.46388888,3.2982843,0.18801335,49,789
85ab,1683035419965877,0.45687026,3.3037462,0.19239497,49,799
85ab,1683035420965848,0.45881629,3.3131218,0.18463907,49,809
85ab,1683035421965774,0.45657003,3.3180099,0.18827756,49,819
85ab,1683035422965854,0.38328189,3.326755,0.18140958,53,829
85ab,1683035423965848,0.41119346,3.3311579,0.17265849,49,839
85ab,1683035424965905,0.4240365,3.3310795,0.16197371,49,849
85ab,1683035425965893,0.4310253,3.3300202,0.17490682,49,859
85ab,1683035426965906,0.4516598,3.3286889,0.18691435,48,869
85ab,1683035427965892,0.36823949,3.3363898,0.18937407,53,879
85ab,1683035428965885,0.39330587,3.3323352,0.19053587,49,889
85ab,1683035429965910,0.40338844,3.3331716,0.19325101,49,899
85ab,1683035430965917,0.42405468,3.3327751,0.20887339,48,909
85ab,1683035431965913,0.43492973,3.3315942,0.19188353,49,919
85ab,1683035432965914,0.45828378,3.3319938,0.19021794,48,929
85ab,1683035433965899,0.46352872,3.3274505,0.18968387,49,939
85ab,1683035434965910,0.4703435,3.3238645,0.18250008,49,949
85ab,1683035435965979,0.45909646,3.3211608,0.18281694,49,959
85ab,1683035436965944,0.45857951,3.3186555,0.18987085,49,969
85ab,1683035437965946,0.48220277,3.3238549,0.18580703,48,979
85ab,1683035438965945,0.46799091,3.3203397,0.18444028,49,989
85ab,1683035439965955,0.46999967,3.3269386,0.19925521,48,999
85ab,1683035440965955,0.46711946,3.3290644,0.19497868,49,1009
85ab,1683035441965903,0.47995788,3.3314893,0.1869573,48,1019
85ab,1683035442965996,0.47718793,3.3334231,0.19036807,49,1029
85ab,1683035443965984,0.46422979,3.3209739,0.18104057,49,1039
85ab,1683035444965958,0.47438142,3.3254213,0.17792702,49,1049
85ab,1683035445965996,0.47694549,3.3217261,0.17972769,48,1059
85ab,1683035446965995,0.48030761,3.3221223,0.18111624,48,1069
85ab,1683035447965989,0.39872131,3.331636,0.18659951,53,1079
85ab,1683035448965988,0.35497898,3.3358421,0.1889468,52,1089
85ab,1683035449965995,0.37797287,3.3277764,0.18548657,49,1099
85ab,1683035450965996,0.40845037,3.3304081,0.17762785,49,1109
85ab,1683035451966007,0.41790262,3.3239279,0.18404108,49,1119
85ab,1683035452966010,0.43808892,3.3196716,0.17849891,48,1129
85ab,1683035453966017,0.44597223,3.3081155,0.18543892,48,1139
85ab,1683035454966031,0.44118029,3.313005,0.17526999,50,1149
85ab,1683035455966045,0.45988658,3.3153043,0.1660828,48,1159
85ab,1683035456966193,0.46967754,3.3122723,0.16067898,49,1169
85ab,1683035457966008,0.47619945,3.3134234,0.1652371,48,1179
85ab,1683035458966056,0.4544163,3.2999823,0.17113398,49,1189
85ab,1683035459966030,0.39234498,3.3145852,0.18523824,52,1199
85ab,1683035460966048,0.42356411,3.3241477,0.19368075,48,1209
85ab,1683035461966053,0.43426675,3.3139777,0.17906331,49,1219
85ab,1683035462966065,0.43158433,3.3216026,0.17998609,50,1229
85ab,1683035463966073,0.43946871,3.3155205,0.17738286,49,1239
85ab,1683035464966538,0.44672778,3.3174951,0.18240342,49,1249
85ab,1683035465966072,0.38285655,3.3249381,0.17874375,53,1259
85ab,1683035466966064,0.40606007,3.3207996,0.18812387,48,1269
85ab,1683035467966182,0.4364267,3.3175981,0.18756013,48,1279
85ab,1683035468966078,0.45528555,3.30929,0.17725052,48,1289
85ab,1683035469966176,0.37391564,3.3194191,0.17770277,53,1299
85ab,1683035470966083,0.39693639,3.3187313,0.17910482,49,1309
85ab,1683035471966082,0.42536086,3.3187611,0.1679754,49,1319
85ab,1683035472966092,0.4306713,3.3101773,0.16814874,49,1329
85ab,1683035473966220,0.44662887,3.312288,0.15937677,49,1339
85ab,1683035474966460,0.44653648,3.3046274,0.16435874,49,1349
85ab,1683035475966097,0.45596862,3.2997117,0.16622424,48,1359
85ab,1683035476966190,0.46156225,3.3084676,0.16183555,49,1369
85ab,1683035477966208,0.46752432,3.3177383,0.17008282,49,1379
85ab,1683035478966525,0.38034561,3.3279254,0.16618842,54,1389
85ab,1683035479966218,0.415803,3.331845,0.18046866,48,1399
85ab,1683035480966221,0.35541493,3.3364942,0.17993645,53,1409
85ab,1683035481966092,0.38915968,3.3323848,0.18041359,48,1419
85ab,1683035482966230,0.40747225,3.3197577,0.1804609,49,1429
85ab,1683035483966236,0.41518986,3.3109574,0.17911339,49,1439
85ab,1683035484966280,0.34589463,3.3207438,0.18081608,53,9
85ab,1683035485966234,0.3739467,3.3089862,0.16845652,49,19
85ab,1683035486966222,0.40492755,3.3151803,0.18073723,48,29
85ab,1683035487966258,0.34023535,3.3292594,0.17395291,53,39
85ab,1683035488966234,0.37945828,3.3159633,0.17643963,48,49
85ab,1683035489966300,0.39525864,3.3190498,0.17231897,49,59
85ab,1683035490966278,0.42925254,3.324981,0.17644085,48,69
85ab,1683035491966268,0.43969262,3.3165061,0.17494214,49,79
85ab,1683035492966292,0.45030451,3.3190422,0.1799657,49,89
85ab,1683035493966298,0.46683615,3.3187916,0.1872765,48,99
85ab,1683035494966318,0.47292477,3.3205295,0.18061109,49,109
85ab,1683035495966301,0.39882651,3.3334188,0.17551307,53,119
85ab,1683035496966284,0.44684327,3.3374052,0.17521326,47,129
85ab,1683035497966278,0.45504308,3.3338432,0.17748705,49,139
85ab,1683035498966307,0.46470135,3.3318789,0.17508447,49,149
85ab,1683035499966315,0.48729706,3.3331146,0.17920913,48,159
85ab,1683035500966329,0.47172663,3.3265815,0.18215448,49,169
85ab,1683035501966308,0.47804052,3.3230145,0.16998586,49,179
85ab,1683035502966316,0.40003955,3.3305619,0.16943851,53,189
85ab,1683035503966312,0.43222204,3.3270416,0.16558486,48,199
85ab,1683035504966310,0.44892913,3.3284245,0.16800041,49,209
85ab,1683035505966349,0.45050269,3.32055,0.16647537,49,219
85ab,1683035506966348,0.44781902,3.3225305,0.16654766,49,229
85ab,1683035507966350,0.45487076,3.3229373,0.1797554,48,239
85ab,1683035508966350,0.44263443,3.2655866,0.13129248,67,249
85ab,1683035509966336,0.43282095,3.275044,0.1449932,50,259
85ab,1683035510966332,0.43554941,3.2782595,0.15346815,49,269
85ab,1683035511966307,0.45864487,3.2896564,0.16234471,48,279
85ab,1683035512966397,0.46021497,3.2999609,0.18165264,49,289
85ab,1683035513966368,0.46703985,3.3107,0.18944129,48,299
85ab,1683035514966380,0.39708105,3.3276985,0.18383937,53,309
85ab,1683035515966352,0.4158479,3.3271933,0.17936775,49,319
85ab,1683035516966485,0.41903272,3.3259492,0.17781404,49,329
85ab,1683035517966406,0.43510467,3.3290761,0.17500684,49,339
85ab,1683035518966408,0.44686356,3.3211348,0.1722994,49,349
85ab,1683035519966386,0.38024554,3.3290713,0.16588029,53,359
85ab,1683035520966404,0.40259689,3.3232558,0.1589728,49,369
85ab,1683035521966342,0.41710079,3.3207755,0.16408736,49,379
85ab,1683035522966428,0.43500149,3.3227723,0.16226201,49,389
85ab,1683035523966421,0.43132451,3.3202138,0.16402908,49,399
85ab,1683035524966610,0.44474831,3.302892,0.15054332,49,409
85ab,1683035525966450,0.44683191,3.3069432,0.1540466,49,419
85ab,1683035526966430,0.44525865,3.3039856,0.16720442,49,429
85ab,1683035527966453,0.45322996,3.3135855,0.17482837,49,439
85ab,1683035528966442,0.46520585,3.3209193,0.18287142,48,449
85ab,1683035529966457,0.4750098,3.3230383,0.18023476,48,459
85ab,1683035530966502,0.48464814,3.3234522,0.19091031,48,469
85ab,1683035531966400,0.4838354,3.3220282,0.19641887,48,479
85ab,1683035532966465,0.4230268,3.3451159,0.19335973,52,489
85ab,1683035533966390,0.43820316,3.3449829,0.18487607,49,499
85ab,1683035534966557,0.4416503,3.3315,0.1826352,49,509
85ab,1683035535966388,0.45806605,3.3309333,0.1783676,48,519
85ab,1683035536966500,0.46696857,3.24811,0.098000191,67,529
85ab,1683035537966450,0.46162635,3.2518365,0.12024549,49,539
85ab,1683035538966469,0.49177012,3.2698224,0.13190214,47,549
85ab,1683035539966497,0.48282036,3.2886019,0.14523222,49,559
85ab,1683035540966513,0.49904653,3.2955852,0.14617972,48,569
85ab,1683035541966472,0.48827767,3.3054907,0.15335894,49,579
85ab,1683035542966514,0.47326627,3.3048887,0.15668669,49,589
85ab,1683035543966503,0.47216922,3.3053424,0.15907466,49,599
85ab,1683035544966567,0.46397647,3.3022435,0.15511875,49,609
85ab,1683035545966686,0.41162598,3.3137712,0.16014062,52,619
85ab,1683035546966502,0.42495081,3.302592,0.16366085,49,629
85ab,1683035547968003,0.41073316,3.3072479,0.15732929,50,639
85ab,1683035548966572,0.33986545,3.3163066,0.16281827,53,649
85ab,1683035549966543,0.37399659,3.3189757,0.17428386,49,659
85ab,1683035550966562,0.39223608,3.3208206,0.18049812,49,669
85ab,1683035551966566,0.42162454,3.3213544,0.17687002,48,679
85ab,1683035552966561,0.42065924,3.3174524,0.17147912,50,689
85ab,1683035553966572,0.44108427,3.3243487,0.17065527,49,699
85ab,1683035554966596,0.4527888,3.3264656,0.17507091,49,709
85ab,1683035555966592,0.44123793,3.3278635,0.18031599,50,719
85ab,1683035556966580,0.45779696,3.3199744,0.19014609,48,729
85ab,1683035557966594,0.39242521,3.3291986,0.18536603,53,739
85ab,1683035558966595,0.41390467,3.3281331,0.17363083,49,749
85ab,1683035559966593,0.42504823,3.324261,0.16976193,49,759
85ab,1683035560966646,0.43682328,3.3254294,0.16966672,49,769
85ab,1683035561966599,0.43872625,3.3231621,0.17264172,49,779
85ab,1683035562966612,0.44321704,3.3121285,0.17718609,49,789
85ab,1683035563966605,0.37698177,3.3273993,0.18527696,52,799
85ab,1683035564966607,0.40156752,3.3259907,0.20003641,48,809
85ab,1683035565966610,0.42728105,3.330091,0.19655024,48,819
85ab,1683035566966654,0.44430164,3.3343828,0.18137667,49,829
85ab,1683035567966611,0.46469572,3.3323984,0.17879082,48,839
85ab,1683035568966626,0.45693082,3.3324096,0.18357947,49,849
85ab,1683035569966629,0.45750087,3.3191369,0.18720652,49,859
85ab,1683035570966638,0.3781912,3.3330522,0.18144634,53,869
85ab,1683035571966558,0.39744925,3.3345952,0.18771903,49,879
85ab,1683035572966695,0.42347026,3.3308935,0.18298876,48,889
85ab,1683035573966648,0.43751332,3.3248844,0.17903402,49,899
85ab,1683035574966650,0.4568212,3.3261514,0.18113732,48,909
85ab,1683035575966720,0.46075222,3.3242967,0.17213094,49,919
85ab,1683035576966805,0.36871076,3.3323724,0.18470113,54,929
85ab,1683035577966666,0.39644369,3.3268101,0.18117326,49,939
85ab,1683035578966711,0.42157832,3.3289075,0.17522389,49,949
85ab,1683035579966685,0.45712337,3.3315821,0.17512581,48,959
85ab,1683035580966683,0.37740538,3.3368883,0.17340522,53,969
85ab,1683035581966802,0.31182045,3.3425715,0.18102953,53,979
85ab,1683035582966705,0.34848505,3.3350897,0.17531094,49,989
85ab,1683035583966710,0.38550574,3.3335872,0.17261814,49,999
85ab,1683035584966758,0.41297361,3.3343806,0.18289059,48,1009
85ab,1683035585966723,0.4369759,3.3268445,0.18054707,48,1019
85ab,1683035586966736,0.434433,3.3319349,0.17673633,50,1029
85ab,1683035587966741,0.43523309,3.3357913,0.17407657,50,1039
85ab,1683035588966742,0.45531878,3.33413,0.17039381,48,1049
85ab,1683035589966747,0.47809824,3.3276069,0.17300412,48,1059
85ab,1683035590966781,0.48205274,3.3286805,0.1956629,48,1069
85ab,1683035591966747,0.48188886,3.3227003,0.1965376,48,1079
85ab,1683035592966748,0.42089218,3.3313484,0.18845166,52,1089
85ab,1683035593966786,0.43370622,3.3266661,0.17940813,49,1099
85ab,1683035594967027,0.43566927,3.3281889,0.18596159,49,1109
85ab,1683035595966744,0.37096882,3.3338063,0.18581147,53,1119
85ab,1683035596966812,0.30409333,3.351675,0.173467,54,1129
85ab,1683035597966817,0.26936868,3.3515582,0.18353611,53,1139
85ab,1683035598966794,0.32410127,3.2814994,0.11756839,67,1149
85ab,1683035599966810,0.36608136,3.2931738,0.12219057,49,1159
85ab,1683035600966804,0.32063279,3.3145812,0.13516308,53,1169
85ab,1683035601966764,0.35347253,3.3070617,0.14364527,49,1179
85ab,1683035602966860,0.30794764,3.317179,0.15498824,53,1189
85ab,1683035603966789,0.34341854,3.3112776,0.15575771,49,1199
85ab,1683035604966811,0.37782365,3.3194518,0.18055502,48,1209
85ab,1683035605966824,0.40524638,3.3155713,0.17828912,48,1219
85ab,1683035606966824,0.42570031,3.3177884,0.16327502,49,1229
85ab,1683035607966818,0.44293261,3.3105607,0.1700277,48,1239
85ab,1683035608966873,0.4695285,3.321244,0.18313466,48,1249
85ab,1683035609966842,0.48031676,3.3199956,0.17545095,48,1259
85ab,1683035610966821,0.48159021,3.3198864,0.17341387,49,1269
85ab,1683035611966900,0.49410862,3.3189912,0.16688709,48,1279
85ab,1683035612966856,0.47628775,3.3190696,0.17101531,49,1289
85ab,1683035613966842,0.4879632,3.3160582,0.16756922,48,1299
85ab,1683035614966906,0.4861452,3.3191159,0.18861684,48,1309
85ab,1683035615966888,0.47869864,3.3205965,0.17911127,49,1319
85ab,1683035616966866,0.4767772,3.3262134,0.19071616,49,1329
85ab,1683035617966886,0.48267338,3.3167777,0.18721738,48,1339
85ab,1683035618966871,0.41830119,3.3333087,0.18832964,52,1349
85ab,1683035619966866,0.42959887,3.3290854,0.18526043,49,1359
85ab,1683035620966934,0.44542059,3.32118,0.18023309,48,1369
85ab,1683035621966872,0.458533,3.3162034,0.1809549,48,1379
85ab,1683035622966970,0.46856171,3.3163278,0.17875041,48,1389
85ab,1683035623966938,0.46416077,3.322557,0.17588474,49,1399
85ab,1683035624966945,0.47928384,3.3173316,0.17835556,48,1409
85ab,1683035625966944,0.47452497,3.3164411,0.18214498,49,1419
85ab,1683035626966982,0.48953402,3.3237052,0.1794669,48,1429
85ab,1683035627966894,0.500369,3.3254848,0.18724091,48,1439
85ab,1683035628966902,0.50282866,3.3222945,0.17586465,48,9
85ab,1683035629967008,0.50601548,3.3182805,0.16576247,48,19
85ab,1683035630966898,0.42082238,3.3257532,0.17866351,53,29
85ab,1683035631967018,0.44523507,3.329006,0.17472091,48,39
85ab,1683035632966971,0.44305518,3.3306353,0.17967594,49,49
85ab,1683035633966975,0.45911971,3.334348,0.1804473,48,59
85ab,1683035634966966,0.45148662,3.3288703,0.17605746,49,69
85ab,1683035635967020,0.38005978,3.3342776,0.17841119,53,79
85ab,1683035636966992,0.39363509,3.3295455,0.17197976,49,89
85ab,1683035637966984,0.41585764,3.3270917,0.17250538,49,99
85ab,1683035638967020,0.42084682,3.3212886,0.17646648,49,109
85ab,1683035639967040,0.44576478,3.3217437,0.17411353,48,119
85ab,1683035640967057,0.4477874,3.3241389,0.16813922,49,129
85ab,1683035641966972,0.44074339,3.319016,0.17289969,49,139
85ab,1683035642967530,0.45200986,3.3271766,0.1765835,49,149
85ab,1683035643967051,0.43204263,3.3171163,0.17014959,50,159
85ab,1683035644967023,0.4494153,3.3136976,0.16554025,48,169
85ab,1683035645967100,0.43105283,3.3160081,0.17896287,50,179
85ab,1683035646967106,0.44919473,3.3244064,0.18954208,48,189
85ab,1683035647967100,0.45483625,3.3166571,0.17861594,49,199
85ab,1683035648967104,0.45735851,3.308851,0.18178272,49,209
85ab,1683035649967095,0.39261666,3.3195589,0.18971708,52,219
85ab,1683035650967072,0.3349492,3.3328352,0.19118164,53,229
85ab,1683035651967114,0.38702977,3.3334432,0.17863266,48,239
85ab,1683035652967592,0.40778494,3.3297033,0.16844912,49,249
85ab,1683035653967107,0.41614136,3.3093047,0.15909353,49,259
85ab,1683035654967435,0.43707672,3.3189948,0.16040726,49,269
85ab,1683035655967092,0.45050448,3.32241,0.16568658,49,279
85ab,1683035656967107,0.45491394,3.3268058,0.18149473,49,289
85ab,1683035657967659,0.46627593,3.3294115,0.19322053,48,299
85ab,1683035658967184,0.47653526,3.325284,0.18203139,48,309
85ab,1683035659967260,0.46662137,3.3236792,0.17735012,49,319
85ab,1683035660967193,0.4704071,3.3089948,0.16906369,48,329
85ab,1683035661967196,0.46795845,3.3133318,0.17509167,49,339
85ab,1683035662967787,0.46165633,3.3024473,0.18147999,49,349
85ab,1683035663967200,0.46821785,3.3076015,0.18060981,49,359
85ab,1683035664967223,0.46182829,3.3168416,0.17973684,49,369
85ab,1683035665967995,0.46046075,3.3188639,0.19812737,49,379
85ab,1683035666967155,0.46732116,3.3231628,0.19653673,49,389
85ab,1683035667967162,0.37920916,3.335331,0.19477338,53,399
85ab,1683035668969710,0.40606573,3.335978,0.18253361,49,409
85ab,1683035669967140,0.42983267,3.333662,0.18433353,48,419
85ab,1683035670967120,0.36508262,3.3410301,0.18452679,53,429
85ab,1683035671968537,0.39765629,3.3359113,0.187504,48,439
85ab,1683035672967178,0.4114199,3.3285515,0.18185546,49,449
85ab,1683035673967167,0.43456894,3.3296752,0.18385065,48,459
85ab,1683035674967672,0.44018388,3.3266625,0.19237192,49,469
85ab,1683035675967237,0.38686737,3.3335154,0.1861987,52,479
85ab,1683035676967214,0.42809433,3.3360953,0.1945021,48,489
85ab,1683035677967172,0.46085903,3.3260345,0.19330765,47,499
85ab,1683035678967232,0.40020293,3.3316214,0.19396973,52,509
85ab,1683035679967221,0.42443395,3.3210058,0.19487399,48,519
85ab,1683035680967684,0.43338758,3.317569,0.19281687,49,529
85ab,1683035681967054,0.45362619,3.308517,0.1821575,48,539
85ab,1683035682967100,0.45006919,3.312794,0.18096372,49,549
85ab,1683035683967200,0.37768525,3.3221121,0.1785877,53,559
85ab,1683035684967230,0.40295413,3.3218966,0.16421129,49,569
85ab,1683035685967332,0.4207809,3.3262477,0.1734253,49,579
85ab,1683035686967676,0.42543525,3.326092,0.17441458,49,589
85ab,1683035687967314,0.42613447,3.3236012,0.17589965,49,599
85ab,1683035688967286,0.44522169,3.3279679,0.1952967,48,609
85ab,1683035689967197,0.45166948,3.316287,0.18652959,49,619
85ab,1683035690967291,0.48392826,3.3195305,0.1744982,48,629
85ab,1683035691967216,0.48387927,3.3192642,0.16389568,49,639
85ab,1683035692967748,0.42146015,3.3357913,0.16116984,52,649
85ab,1683035693967334,0.40845832,3.3185871,0.17361143,50,659
85ab,1683035694967336,0.43492925,3.3117442,0.17030467,48,669
85ab,1683035695967214,0.45210204,3.3073938,0.16841584,48,679
85ab,1683035696967435,0.45701671,3.3038976,0.16277125,49,689
85ab,1683035697967336,0.38981614,3.3163035,0.1639826,53,699
85ab,1683035698967740,0.42650902,3.3156126,0.16259971,48,709
85ab,1683035699967335,0.43611309,3.3088841,0.17062652,49,719
85ab,1683035700967338,0.44567,3.2978575,0.18415342,48,729
85ab,1683035701968644,0.44743019,3.3048987,0.18448262,49,739
85ab,1683035702967214,0.45207229,3.3053961,0.18161947,49,749
85ab,1683035703967458,0.47515377,3.3132145,0.18381222,48,759
85ab,1683035704967188,0.47483692,3.3157847,0.18734175,49,769
85ab,1683035705967238,0.48691353,3.3127122,0.20110126,48,779
85ab,1683035706967441,0.48663747,3.3167655,0.19171357,49,789
85ab,1683035707967478,0.49256054,3.3026021,0.18757963,48,799
85ab,1683035708967343,0.42476949,3.3154502,0.18259494,52,809
85ab,1683035709967958,0.43920842,3.321394,0.18562783,49,819
85ab,1683035710967451,0.442584,3.3192959,0.18215787,49,829
85ab,1683035711967289,0.45506394,3.3172159,0.18484655,48,839
85ab,1683035712967478,0.47811961,3.3187847,0.18110581,48,849
85ab,1683035713967478,0.41881049,3.3276129,0.17602848,52,859
85ab,1683035714967372,0.42828023,3.320359,0.18487102,49,869
85ab,1683035715967445,0.34726804,3.3292878,0.18707921,54,879
85ab,1683035716967476,0.38521364,3.3276665,0.18154761,49,889
85ab,1683035717967384,0.41914579,3.3304982,0.17870621,48,899
85ab,1683035718967530,0.44284639,3.3265078,0.18363634,48,909
85ab,1683035719967494,0.38897496,3.3317811,0.17793247,52,919
85ab,1683035720967916,0.41256133,3.3358855,0.17767529,49,929
85ab,1683035721967490,0.44768915,3.3384018,0.17838359,48,939
85ab,1683035722967515,0.45961118,3.3339403,0.18289658,48,949
85ab,1683035723967372,0.3783628,3.341151,0.18535708,53,959
85ab,1683035724967381,0.42459986,3.3367934,0.1819398,48,969
85ab,1683035725967332,0.43889096,3.3204784,0.1741989,48,979
85ab,1683035726967369,0.44253439,3.3216598,0.16999395,49,989
85ab,1683035727967341,0.44220343,3.3156033,0.17297244,49,999
85ab,1683035728967350,0.45796758,3.3245497,0.17180523,49,1009
85ab,1683035729967380,0.46968475,3.3281031,0.17100053,49,1019
85ab,1683035730967358,0.46328384,3.3203869,0.17202176,49,1029
85ab,1683035731967337,0.46217856,3.3199782,0.1667615,49,1039
85ab,1683035732967404,0.47191727,3.3249049,0.175956,48,1049
85ab,1683035733967471,0.46280751,3.3221974,0.18516307,49,1059
85ab,1683035734967482,0.46325195,3.3188179,0.19624928,48,1069
85ab,1683035735967471,0.46922284,3.3135767,0.19186229,48,1079
85ab,1683035736967624,0.47245219,3.3054078,0.18068877,49,1089
85ab,1683035737967466,0.39267141,3.3207867,0.19155835,53,1099
85ab,1683035738967970,0.40884805,3.3141894,0.1886095,49,1109
85ab,1683035739967537,0.42746615,3.3161812,0.1788231,49,1119
85ab,1683035740967639,0.4501116,3.3227348,0.17921259,48,1129
85ab,1683035741967486,0.46688905,3.324599,0.18310089,48,1139
85ab,1683035742967615,0.46406516,3.3265378,0.18370737,49,1149
85ab,1683035743967717,0.47821251,3.3182745,0.19393602,48,1159
85ab,1683035744967515,0.4821806,3.316829,0.18050443,49,1169
85ab,1683035745967570,0.39479503,3.3265691,0.17657121,53,1179
85ab,1683035746967426,0.41600689,3.3281515,0.18108785,49,1189
85ab,1683035747967496,0.40872112,3.3138971,0.19629836,49,1199
85ab,1683035748967582,0.43192416,3.3186252,0.19285764,48,1209
85ab,1683035749968062,0.42749423,3.3189247,0.19564068,49,1219
85ab,1683035750967568,0.43361861,3.3135903,0.19241782,49,1229
85ab,1683035751967552,0.4280481,3.3086874,0.19016294,49,1239
85ab,1683035752967552,0.38696474,3.3191769,0.17680383,52,1249
85ab,1683035753967580,0.33363551,3.3271701,0.18424624,53,1259
85ab,1683035754967516,0.385206,3.3268836,0.17603762,48,1269
85ab,1683035755968088,0.39364541,3.3213017,0.185883,49,1279
85ab,1683035756967549,0.39895421,3.3263981,0.1893844,50,1289
85ab,1683035757967474,0.41508862,3.3271546,0.18948713,49,1299
85ab,1683035758967582,0.36325428,3.3337719,0.18225695,52,1309
85ab,1683035759967568,0.38653025,3.3193955,0.18706748,49,1319
85ab,1683035760967596,0.41393819,3.3259726,0.18925624,49,1329
85ab,1683035761968117,0.44163474,3.3240819,0.17069878,48,1339
85ab,1683035762967542,0.45363438,3.3224757,0.17967631,48,1349
85ab,1683035763967524,0.46053737,3.3279464,0.17280249,49,1359
85ab,1683035764967626,0.46892425,3.32572,0.16635838,49,1369
85ab,1683035765967587,0.47903883,3.3291922,0.17408471,48,1379
85ab,1683035766967597,0.45050701,3.3132956,0.17586161,50,1389
85ab,1683035767967554,0.45674089,3.3203223,0.17246883,49,1399
85ab,1683035768967616,0.47217396,3.3273706,0.17265432,48,1409
85ab,1683035769967594,0.46344364,3.3202229,0.16171663,49,1419
85ab,1683035770967544,0.3750701,3.3269215,0.17237957,54,1429
85ab,1683035771967639,0.40026614,3.3296323,0.16550031,49,1439
85ab,1683035772967622,0.41382712,3.3265672,0.17678475,49,9
85ab,1683035773967708,0.34190667,3.3356326,0.18258828,53,19
85ab,1683035774967886,0.37860593,3.3347301,0.17699388,49,29
85ab,1683035775967716,0.40179989,3.333483,0.18212903,49,39
85ab,1683035776967756,0.43003613,3.329345,0.18002176,48,49
85ab,1683035777967658,0.37416181,3.33949,0.18121743,52,59
85ab,1683035778967720,0.30141565,3.3485751,0.1986112,53,69
85ab,1683035779967742,0.33807766,3.3475912,0.19334288,49,79
85ab,1683035780967622,0.36061627,3.3364639,0.18667465,49,89
85ab,1683035781967605,0.37878391,3.3371732,0.19475679,49,99
85ab,1683035782967641,0.39834511,3.3363256,0.20488332,49,109
85ab,1683035783967602,0.41130817,3.3353136,0.19993588,49,119
85ab,1683035784967630,0.43974406,3.3284183,0.19459087,48,129
85ab,1683035785967632,0.44712305,3.3294008,0.19084603,49,139
85ab,1683035786967632,0.436668,3.3166876,0.19166356,49,149
85ab,1683035787967633,0.44043967,3.3242671,0.18027849,49,159
85ab,1683035788967649,0.45230535,3.3280258,0.1840128,49,169
85ab,1683035789967651,0.45375472,3.3259182,0.18276893,49,179
85ab,1683035790967682,0.36500371,3.3319137,0.18735324,54,189
85ab,1683035791967658,0.40811822,3.3271034,0.1731399,48,199
85ab,1683035792967675,0.41639131,3.3196859,0.17533191,49,209
85ab,1683035793967721,0.42826122,3.3252654,0.17887065,49,219
85ab,1683035794967718,0.45462075,3.3288894,0.18232436,48,229
85ab,1683035795967858,0.45549127,3.3298147,0.18494152,49,239
85ab,1683035796967752,0.45326909,3.3249972,0.18771653,49,249
85ab,1683035797967742,0.46183044,3.3213625,0.18537205,48,259
85ab,1683035798968274,0.39073616,3.3292756,0.1774414,53,269
85ab,1683035799967749,0.41046485,3.3242288,0.16849384,49,279
85ab,1683035800967746,0.43953416,3.3244448,0.18422347,48,289
85ab,1683035801967687,0.437611,3.3221076,0.17454098,50,299
85ab,1683035802967748,0.45855767,3.3212168,0.18688537,48,309
85ab,1683035803967727,0.464178,3.3164032,0.19262615,48,319
85ab,1683035804967724,0.39904958,3.3245738,0.20230338,52,329
85ab,1683035805967808,0.4241046,3.3150973,0.20562805,48,339
85ab,1683035806967826,0.42829603,3.3091671,0.20150618,49,349
85ab,1683035807967836,0.43421996,3.3054557,0.19596191,49,359
85ab,1683035808967799,0.44216463,3.3115077,0.19623975,49,369
85ab,1683035809968278,0.46566483,3.3113079,0.18944325,48,379
85ab,1683035810967878,0.46628419,3.3160577,0.19671069,49,389
85ab,1683035811967788,0.45668462,3.3161826,0.19614305,49,399
85ab,1683035812967824,0.45569116,3.3218853,0.1969209,49,409
85ab,1683035813967910,0.47406882,3.3236983,0.18611681,48,419
85ab,1683035814967855,0.49477425,3.3306684,0.17773868,48,429
85ab,1683035815967839,0.49473807,3.3194036,0.18001974,48,439
85ab,1683035816968014,0.48270422,3.3188131,0.18574573,49,449
85ab,1683035817967878,0.47754484,3.3080678,0.18627055,49,459
85ab,1683035818967847,0.46972346,3.3120368,0.19569892,49,469
85ab,1683035819967892,0.47220322,3.3082874,0.18600744,49,479
85ab,1683035820968338,0.47436035,3.31821,0.18191478,49,489
85ab,1683035821967864,0.46697006,3.3110921,0.17150272,49,499
85ab,1683035822967908,0.46179241,3.3183367,0.18896328,49,509
85ab,1683035823967876,0.47110689,3.31126,0.17444432,49,519
85ab,1683035824967862,0.45895064,3.3011167,0.16740897,49,529
85ab,1683035825967916,0.45135981,3.3072052,0.16970235,49,539
85ab,1683035826968375,0.46236417,3.3137856,0.17983821,48,549
85ab,1683035827967960,0.39095393,3.325295,0.17852002,53,559
85ab,1683035828967928,0.40881795,3.3290465,0.19455847,49,569
85ab,1683035829967903,0.43540251,3.3267272,0.18669131,48,579
85ab,1683035830967920,0.43731925,3.3123629,0.18665674,49,589
85ab,1683035831967942,0.46306109,3.3082275,0.18866545,48,599
85ab,1683035832967918,0.40043613,3.3258214,0.1779923,52,609
85ab,1683035833967932,0.40548927,3.3150074,0.16468616,50,619
85ab,1683035834968387,0.44093862,3.3179433,0.16684391,48,629
85ab,1683035835967924,0.36906043,3.3286695,0.18298723,53,639
85ab,1683035836967906,0.40682137,3.3265691,0.18165806,48,649
85ab,1683035837967919,0.42574733,3.3248596,0.17976411,49,659
85ab,1683035838967950,0.44262967,3.3187139,0.17346039,49,669
85ab,1683035839968047,0.44218981,3.3159506,0.18167095,49,679
85ab,1683035840967931,0.46094772,3.3219419,0.18753625,48,689
85ab,1683035841968047,0.47320294,3.3115308,0.193095,48,699
85ab,1683035842968050,0.47193778,3.3097334,0.19255506,49,709
85ab,1683035843967977,0.46766889,3.3180087,0.20045727,49,719
85ab,1683035844968059,0.47344863,3.3175993,0.19143502,49,729
85ab,1683035845968034,0.47355804,3.3092794,0.1827902,49,739
85ab,1683035846967956,0.47268116,3.3181036,0.17840758,49,749
85ab,1683035847968058,0.47173038,3.3111589,0.17110622,49,759
85ab,1683035848968047,0.38688514,3.3224018,0.17304026,53,769
85ab,1683035849968033,0.40757659,3.3280382,0.17460763,49,779
85ab,1683035850968077,0.43910727,3.3293459,0.17740205,48,789
85ab,1683035851968054,0.3759107,3.3291364,0.17688458,53,799
85ab,1683035852968002,0.41607994,3.3178458,0.16462272,48,809
85ab,1683035853968102,0.44765335,3.3215816,0.16485719,48,819
85ab,1683035854968084,0.44397667,3.3155739,0.17072761,49,829
85ab,1683035855969558,0.44303662,3.3178554,0.19104554,49,839
85ab,1683035856967994,0.44931304,3.3136618,0.19016057,49,849
85ab,1683035857967962,0.44944263,3.3086398,0.18213697,49,859
85ab,1683035858968100,0.45093644,3.2944064,0.19073112,48,869
85ab,1683035859968001,0.37127769,3.3106019,0.18686001,53,879
85ab,1683035860968022,0.40404812,3.3159556,0.17875955,49,889
85ab,1683035861968091,0.43440121,3.3146055,0.17605306,48,899
85ab,1683035862968016,0.44994286,3.3133223,0.16804929,49,909
85ab,1683035863967978,0.45574749,3.3168817,0.18346144,48,919
85ab,1683035864968130,0.46867913,3.3052087,0.18563995,48,929
85ab,1683035865968643,0.45902985,3.2959797,0.18034992,49,939
85ab,1683035866968117,0.46562505,3.3075628,0.1831051,49,949
85ab,1683035867968140,0.45547262,3.2951219,0.17231855,49,959
85ab,1683035868968180,0.45388544,3.2982295,0.17920694,49,969
85ab,1683035869968148,0.46455604,3.3091943,0.17897627,49,979
85ab,1683035870968094,0.47886267,3.3081725,0.18322538,48,989
85ab,1683035871968135,0.49102864,3.3089428,0.184745,48,999
85ab,1683035872968188,0.47686175,3.3039834,0.16993825,49,1009
85ab,1683035873968053,0.40324318,3.3209517,0.16399297,53,1019
85ab,1683035874968204,0.39756298,3.3153267,0.18161014,50,1029
85ab,1683035875968204,0.3262389,3.3286397,0.1827333,53,1039
85ab,1683035876968129,0.28048798,3.3348753,0.18613085,53,1049
85ab,1683035877968197,0.32479993,3.3279057,0.18444532,49,1059
85ab,1683035878968203,0.35731551,3.3332481,0.19611306,49,1069
85ab,1683035879968063,0.38352585,3.3302944,0.18049774,49,1079
85ab,1683035880968202,0.42702872,3.3238385,0.17651193,48,1089
85ab,1683035881968174,0.44400355,3.3232489,0.16301546,49,1099
85ab,1683035882968307,0.47473654,3.3254175,0.18119831,47,1109
85ab,1683035883968184,0.47649348,3.3185074,0.18045312,48,1119
85ab,1683035884968160,0.504636,3.3168581,0.18265504,47,1129
85ab,1683035885968101,0.42691487,3.3260434,0.17889033,53,1139
85ab,1683035886968242,0.41920635,3.32903,0.18120472,50,1149
85ab,1683035887968242,0.4288387,3.3243365,0.18160743,49,1159
85ab,1683035888968178,0.45001984,3.3195572,0.18675949,48,1169
85ab,1683035889968253,0.46518955,3.3192656,0.1957771,48,1179
85ab,1683035890968264,0.48293352,3.3268731,0.19943847,48,1189
85ab,1683035891968114,0.49573162,3.3332419,0.19768162,48,1199
85ab,1683035892968280,0.42266887,3.3447382,0.19352877,52,1209
85ab,1683035893968796,0.43152735,3.3343737,0.18562898,49,1219
85ab,1683035894968334,0.38924772,3.3417659,0.18032575,52,1229
85ab,1683035895968238,0.41680133,3.3328266,0.16872099,49,1239
85ab,1683035896968281,0.43395364,3.3343878,0.17352097,49,1249
85ab,1683035897968167,0.37858346,3.3416812,0.17462058,52,1259
85ab,1683035898968837,0.40053126,3.3336887,0.17156926,49,1269
85ab,1683035899968340,0.4316614,3.3271995,0.1733159,48,1279
85ab,1683035900968201,0.44140896,3.3191061,0.17696796,49,1289
85ab,1683035901968205,0.45519868,3.326473,0.17902078,49,1299
85ab,1683035902968248,0.45963678,3.3260696,0.16875564,49,1309
85ab,1683035903968215,0.4725939,3.3288,0.18038563,48,1319
85ab,1683035904968234,0.4854053,3.3321235,0.17700775,48,1329
85ab,1683035905968194,0.42079544,3.3368466,0.17557393,52,1339
85ab,1683035906968198,0.43248531,3.3280871,0.16011599,49,1349
85ab,1683035907968220,0.4190715,3.3267577,0.17316307,50,1359
85ab,1683035908968206,0.44732448,3.3092127,0.16985326,48,1369
85ab,1683035909968232,0.44309747,3.3086743,0.17523509,49,1379
85ab,1683035910968246,0.37743291,3.318959,0.16897739,53,1389
85ab,1683035911968203,0.41588324,3.3151283,0.16364563,48,1399
85ab,1683035912968260,0.41301048,3.3151307,0.16214372,50,1409
85ab,1683035913968289,0.44462767,3.3179562,0.16296382,48,1419
85ab,1683035914968757,0.37856862,3.3266876,0.15887861,53,1429
85ab,1683035915968397,0.32484853,3.3339441,0.15496053,53,1439
85ab,1683035916968292,0.36788195,3.3358858,0.15727973,49,9
85ab,1683035917968280,0.400285,3.3265326,0.16640393,48,19
85ab,1683035918968369,0.41153482,3.3173103,0.18193567,49,29
85ab,1683035919968777,0.42981055,3.316457,0.18359259,48,39
85ab,1683035920968328,0.43266055,3.3125169,0.18402721,49,49
85ab,1683035921968307,0.43588391,3.3196795,0.17973645,49,59
85ab,1683035922968330,0.45075724,3.3255649,0.18996342,48,69
85ab,1683035923968336,0.45994654,3.3234177,0.18877283,48,79
85ab,1683035924968386,0.46890122,3.3176994,0.18203019,48,89
85ab,1683035925968811,0.48470151,3.3205183,0.17326942,48,99
85ab,1683035926968310,0.46995229,3.3209853,0.17494917,49,109
85ab,1683035927968309,0.47012714,3.3193285,0.18334794,49,119
85ab,1683035928968380,0.46138281,3.3189328,0.19511457,49,129
85ab,1683035929968454,0.47462261,3.3234081,0.1984531,48,139
85ab,1683035930968355,0.46788812,3.3247535,0.19244239,49,149
85ab,1683035931968902,0.46239734,3.314101,0.192677,49,159
85ab,1683035932968438,0.46920633,3.3084731,0.18929178,48,169
85ab,1683035933968590,0.47153789,3.2977788,0.18320805,48,179
85ab,1683035934968452,0.49764839,3.3077133,0.18945612,47,189
85ab,1683035935968429,0.41357958,3.3331773,0.18024494,53,199
85ab,1683035936968391,0.43805102,3.3194537,0.17356235,48,209
85ab,1683035937968476,0.41945669,3.3051715,0.17461956,50,219
85ab,1683035938968472,0.43781394,3.3138192,0.18342525,48,229
85ab,1683035939968324,0.46015632,3.3231988,0.17667538,48,239
85ab,1683035940968451,0.39904967,3.3331764,0.17171955,52,249
85ab,1683035941968385,0.40995216,3.3254178,0.16196407,49,259
85ab,1683035942968340,0.4369761,3.3280375,0.16484702,48,269
85ab,1683035943968447,0.44764268,3.3324893,0.17575148,49,279
85ab,1683035944968497,0.45357746,3.3350387,0.18465392,49,289
85ab,1683035945968372,0.40611592,3.3411267,0.19730763,51,299
85ab,1683035946968484,0.40136787,3.3389406,0.20199727,50,309
85ab,1683035947968996,0.4199895,3.3402758,0.18942507,49,319
85ab,1683035948968383,0.43149176,3.3400514,0.19392769,49,329
85ab,1683035949968502,0.45220435,3.3311167,0.1889571,48,339
85ab,1683035950968493,0.46794233,3.3315384,0.18592177,48,349
85ab,1683035951968379,0.48366022,3.3336322,0.1893055,48,359
85ab,1683035952968430,0.46637949,3.3276341,0.18687621,49,369
85ab,1683035953968367,0.38934135,3.3330996,0.17776684,53,379
85ab,1683035954968601,0.35093734,3.3382428,0.17000516,52,389
85ab,1683035955968342,0.39858121,3.326462,0.16479069,48,399
85ab,1683035956968369,0.42340344,3.3127875,0.161703,48,409
85ab,1683035957968983,0.34973583,3.3223968,0.18020198,53,419
85ab,1683035958968427,0.38964751,3.3299329,0.18793075,48,429
85ab,1683035959968392,0.39966187,3.3202934,0.16612618,50,439
85ab,1683035960968524,0.41965702,3.3234448,0.17325409,49,449
85ab,1683035961968481,0.35910609,3.3308375,0.16835293,53,459
85ab,1683035962969008,0.39657524,3.3331261,0.17911375,48,469
85ab,1683035963968408,0.33615232,3.3388712,0.17542402,53,479
85ab,1683035964968603,0.37408984,3.3324745,0.17349698,49,489
85ab,1683035965968579,0.41370484,3.3323171,0.16423084,48,499
85ab,1683035966968480,0.44403005,3.3330746,0.15995255,48,509
85ab,1683035967969054,0.45375195,3.3361373,0.16684729,49,519
85ab,1683035968968578,0.45681363,3.336139,0.17612988,49,529
85ab,1683035969968492,0.47028488,3.3268285,0.18262979,48,539
85ab,1683035970968614,0.46436432,3.3268127,0.19029133,49,549
85ab,1683035971968577,0.4782601,3.3211462,0.20859025,47,559
85ab,1683035972968481,0.46647295,3.3190329,0.19896759,49,569
85ab,1683035973969066,0.46249798,3.3238692,0.19370112,49,579
85ab,1683035974968620,0.46077186,3.3243661,0.18993862,49,589
85ab,1683035975968558,0.3930676,3.3312097,0.19761185,52,599
85ab,1683035976968641,0.41524178,3.3228514,0.19276328,48,609
85ab,1683035977968625,0.43178061,3.3199546,0.19608378,48,619
85ab,1683035978968562,0.44767979,3.324156,0.20048983,48,629
85ab,1683035979968647,0.46310547,3.3255861,0.197096,48,639
85ab,1683035980968650,0.47745875,3.326596,0.19130166,48,649
85ab,1683035981968512,0.47055188,3.3248696,0.18983185,49,659
85ab,1683035982968664,0.48170298,3.3309083,0.19088884,48,669
85ab,1683035983969106,0.49563274,3.3262532,0.19784077,48,679
85ab,1683035984968581,0.48831823,3.3270051,0.19412544,49,689
85ab,1683035985968615,0.43041408,3.3340106,0.19288734,52,699
85ab,1683035986968628,0.43446124,3.3305795,0.19625811,49,709
85ab,1683035987968564,0.42757806,3.3292251,0.19096686,50,719
85ab,1683035988968563,0.43377021,3.3260913,0.19053626,49,729
85ab,1683035989968553,0.45071095,3.3154988,0.1757361,48,739
85ab,1683035990968562,0.4755778,3.3125434,0.16746847,48,749
85ab,1683035991968578,0.48258844,3.3104475,0.16885054,48,759
85ab,1683035992968570,0.47523931,3.3012691,0.18140213,48,769
85ab,1683035993968696,0.47932974,3.3089175,0.17441466,49,779
85ab,1683035994969083,0.40868029,3.3192892,0.17185025,53,789
85ab,1683035995968615,0.44127291,3.3228033,0.17547733,48,799
85ab,1683035996968714,0.44567037,3.3209729,0.16850039,49,809
85ab,1683035997968670,0.46387106,3.3262341,0.16795745,48,819
85ab,1683035998968640,0.45081925,3.3221309,0.17257865,49,829
85ab,1683035999968703,0.4484171,3.3143225,0.17320235,49,839
85ab,1683036000969120,0.46706021,3.3165808,0.17348902,48,849